25
23 21 24 24 21 20 23 25 22 23 21 22 22 25 25 23 24 20 21 22 21 22 23 24 21 
1 2 3 4 5 6 7 8 10 11 12 13 14 15 16 17 18 20 21 22 23 24 25 
1 2 3 5 6 7 8 10 11 12 14 15 16 17 18 19 20 21 22 23 25 
1 3 4 5 6 7 8 9 10 11 12 13 14 15 16 17 18 19 20 21 22 23 24 25 
1 2 3 4 5 6 7 8 9 10 11 12 13 14 15 16 17 18 19 20 22 23 24 25 
3 4 5 6 7 8 9 10 11 12 14 15 17 18 19 20 21 22 23 24 25 
1 3 5 6 7 8 9 10 13 14 15 17 18 19 20 21 22 23 24 25 
1 2 3 4 6 7 8 9 10 11 13 14 15 16 17 18 19 20 21 22 23 24 25 
1 2 3 4 5 6 7 8 9 10 11 12 13 14 15 16 17 18 19 20 21 22 23 24 25 
1 3 4 5 6 8 9 10 12 13 14 15 16 17 18 19 20 21 22 23 24 25 
2 3 4 6 7 8 9 10 11 12 13 14 15 16 17 18 19 20 21 22 23 24 25 
1 2 3 4 5 6 8 9 10 11 12 13 14 16 17 18 20 22 23 24 25 
1 2 4 5 6 7 8 9 10 11 13 14 15 16 17 18 19 20 22 23 24 25 
2 3 4 5 6 7 8 9 10 11 12 13 15 16 17 18 19 20 21 22 24 25 
1 2 3 4 5 6 7 8 9 10 11 12 13 14 15 16 17 18 19 20 21 22 23 24 25 
1 2 3 4 5 6 7 8 9 10 11 12 13 14 15 16 17 18 19 20 21 22 23 24 25 
1 2 4 5 6 7 8 9 10 11 12 13 14 15 16 17 18 20 21 22 23 24 25 
2 3 4 5 6 7 8 9 10 11 12 13 14 15 16 17 18 19 20 21 22 23 24 25 
1 2 4 7 8 10 11 12 13 14 15 16 17 18 19 20 21 23 24 25 
1 2 4 5 6 7 9 10 13 14 15 16 17 18 19 20 21 22 23 24 25 
1 2 3 6 7 8 9 10 11 12 13 14 15 16 17 18 19 20 22 23 24 25 
1 2 4 5 7 8 9 10 11 13 15 16 17 18 19 20 21 22 23 24 25 
1 2 3 5 7 8 9 11 12 13 14 15 16 17 18 19 20 21 22 23 24 25 
1 2 3 4 6 7 8 9 10 12 13 14 15 16 17 18 19 20 21 22 23 24 25 
1 2 3 4 5 6 7 8 9 10 11 12 13 14 15 16 17 18 19 20 21 22 24 25 
2 3 4 6 7 8 9 10 11 12 13 14 16 17 18 19 21 22 23 24 25 
-8.91 -1.55 -8.66 -8.59 9.18 4.78 2.74 9.98 1.15 -8.82 -1.23 -5.92 7.18 -4.68 -2.75 8.4 3.16 -3.34 -0.09 1.56 -7.54 3.81 -0.95 8.05 9.66 
-7.08 -7.11 6.81 -0.7 -4.7 6.93 -8.43 5.3 7.61 5.97 0.69 -4.23 3.53 4.9 -0.09 5.76 6.81 -3.87 -6.71 7.35 -6.14 -1.74 4.75 -9.18 
0.18 3.0 -8.54 -5.14 -8.1 5.07 -4.02 -5.3 4.88 -3.28 -4.5 9.5 -6.96 0.32 0.58 8.51 -3.18 -8.62 3.18 4.98 5.28 1.45 -4.62 
-8.39 7.54 4.91 -0.67 4.56 -5.1 -1.18 6.14 2.75 -8.62 2.1 4.6 -0.4 4.38 6.44 -5.82 -9.03 -1.76 -9.31 -8.11 -4.57 9.61 
-3.76 -1.41 4.73 3.49 3.39 3.97 -6.67 1.55 -8.04 -5.28 -9.78 -7.57 -1.12 9.23 1.54 0.55 5.38 9.42 -5.34 -5.84 -6.91 
8.78 -8.21 7.07 8.59 -1.58 5.35 -6.91 3.13 -1.17 -3.2 -2.58 4.91 -8.65 3.52 -8.65 1.18 -6.37 -5.97 2.86 1.8 
0.94 9.74 -6.97 6.66 6.58 1.25 -8.78 6.95 0.68 -0.48 -4.81 -8.49 -0.74 -7.03 -3.96 3.26 3.52 -1.89 -0.63 
1.2 5.51 0.07 2.0 3.8 -0.17 -9.73 -3.72 1.35 5.82 6.18 8.08 7.67 5.07 -4.82 -8.93 -2.89 5.14 
3.76 -9.24 5.81 -5.85 3.12 7.31 -8.47 1.09 -0.44 -2.37 -5.43 -7.12 -9.01 -5.09 8.59 5.52 9.19 
-1.65 6.27 -5.69 9.98 -3.57 -7.88 -0.68 -9.77 8.62 7.31 -7.19 3.94 -7.8 -7.46 -3.53 -7.88 
-8.74 -4.9 9.15 4.6 2.57 0.65 -1.79 6.16 0.33 5.12 -1.02 5.43 0.89 -1.16 7.18 
0.82 -0.03 -6.96 7.42 3.12 -6.62 -7.9 4.14 -8.92 5.82 -3.59 -6.9 6.48 4.85 
9.23 1.15 2.78 7.22 9.25 1.2 -1.26 -2.88 -4.78 -4.34 -4.94 -1.14 -1.18 
4.25 5.44 7.3 -5.9 8.82 -5.97 2.6 -4.44 -2.21 -9.84 -6.6 3.11 
-2.28 -2.25 -9.05 -6.21 -6.59 6.73 -7.01 1.84 -2.57 -7.03 9.22 
-5.7 -3.09 2.72 -3.01 3.21 -0.07 9.25 -5.7 -1.11 3.64 
3.34 8.06 0.1 6.43 4.81 5.13 -0.13 -8.96 5.37 
-3.36 9.74 -1.25 1.05 4.49 6.37 2.64 -7.76 
7.17 9.52 -7.36 8.43 -1.75 5.85 -3.33 
0.36 6.93 -6.34 -1.61 6.61 -5.53 
-7.57 9.52 8.2 -7.8 -3.41 
4.51 -2.05 0.56 7.21 
5.45 0.61 1.64 
6.78 -8.31 
-1.55 
