100
100 96 95 84 88 87 83 93 96 91 86 87 95 80 90 100 83 85 86 88 89 96 80 99 97 84 84 83 92 93 99 89 94 89 88 90 93 82 90 91 85 98 86 90 93 92 91 87 86 97 96 88 85 99 82 96 80 80 80 80 80 91 82 100 89 85 88 82 97 95 81 85 82 80 98 96 83 81 87 87 97 85 85 98 90 96 96 81 87 92 91 84 92 100 96 81 89 88 85 96 
1 2 3 4 5 6 7 8 9 10 11 12 13 14 15 16 17 18 19 20 21 22 23 24 25 26 27 28 29 30 31 32 33 34 35 36 37 38 39 40 41 42 43 44 45 46 47 48 49 50 51 52 53 54 55 56 57 58 59 60 61 62 63 64 65 66 67 68 69 70 71 72 73 74 75 76 77 78 79 80 81 82 83 84 85 86 87 88 89 90 91 92 93 94 95 96 97 98 99 100 
1 2 3 4 5 6 7 8 9 10 11 12 13 14 15 16 17 18 19 20 21 22 23 24 25 26 27 28 29 30 31 32 33 34 35 36 37 38 39 40 41 42 43 44 45 47 48 49 50 51 52 53 54 55 56 57 58 59 61 63 64 65 66 67 68 69 70 71 73 74 75 76 77 78 79 80 81 82 83 84 85 86 87 88 89 90 91 92 93 94 95 96 97 98 99 100 
1 2 3 4 5 6 7 8 10 11 12 13 14 15 16 17 18 19 20 21 22 23 24 25 26 27 28 29 30 31 32 33 34 35 36 37 38 39 40 41 43 44 45 46 47 48 49 51 52 53 54 55 56 57 58 59 60 61 62 63 64 65 66 67 68 69 70 71 72 73 74 75 76 77 78 80 81 82 83 84 85 86 87 88 89 90 91 92 93 94 95 96 97 98 99 
1 3 4 5 6 7 8 9 10 11 12 13 16 17 18 19 20 21 22 23 24 28 29 30 31 32 33 34 35 36 37 41 42 43 44 45 46 48 49 50 51 52 53 54 55 56 57 58 59 61 62 63 64 65 66 67 68 69 70 71 72 73 75 76 77 79 80 81 82 84 85 86 88 89 91 92 93 94 95 96 97 98 99 100 
2 4 5 6 8 9 10 11 12 14 16 17 18 19 20 21 22 23 24 25 26 27 28 29 30 31 32 33 34 35 36 37 38 39 40 41 42 43 44 45 46 47 48 49 50 52 53 54 56 57 58 59 60 61 62 63 64 66 67 68 70 71 72 73 74 75 76 77 78 79 80 81 82 83 84 85 86 87 88 89 92 93 95 96 97 98 99 100 
1 2 4 5 6 7 8 9 10 11 12 13 14 15 16 18 19 20 21 23 24 25 26 27 28 29 30 31 33 34 36 37 38 39 40 41 42 43 44 46 47 48 49 50 51 52 53 54 55 56 57 58 60 61 62 63 64 65 66 67 68 69 70 71 72 74 76 77 78 79 80 81 82 83 84 88 89 90 92 93 94 95 96 97 98 99 100 
2 3 4 5 6 7 8 9 10 11 13 14 15 17 18 20 21 22 24 25 26 27 28 29 30 31 32 33 35 36 38 39 41 42 43 44 45 46 47 48 50 51 52 53 54 55 56 57 59 60 61 62 63 65 68 69 70 71 72 74 75 77 78 79 81 82 83 84 85 86 87 88 89 90 91 92 93 94 96 97 98 99 100 
1 3 4 5 6 7 8 9 10 11 12 13 14 15 16 17 18 19 20 21 22 23 25 26 27 28 29 30 31 32 33 34 35 36 37 38 39 40 41 42 43 44 45 46 48 49 50 51 52 53 54 55 56 57 58 59 60 61 62 63 64 65 66 68 69 70 71 72 74 75 76 77 78 79 80 81 82 83 84 85 86 88 89 90 91 92 93 94 95 96 97 98 99 
1 2 3 4 5 6 7 8 9 10 11 13 14 15 16 17 19 20 21 22 23 24 25 26 28 29 30 31 32 33 34 35 36 37 38 40 41 42 43 44 45 46 47 48 49 50 51 52 53 54 55 56 57 58 59 60 61 62 63 64 65 66 67 68 69 70 71 72 73 74 75 76 77 78 79 80 81 82 83 84 85 86 87 88 89 90 91 92 93 94 95 96 97 98 99 100 
1 2 3 4 5 6 7 8 9 10 11 12 13 14 17 18 19 20 21 22 23 24 25 26 27 28 29 30 32 33 34 36 37 38 39 40 41 42 43 44 45 46 48 49 50 51 53 54 55 56 57 58 59 60 62 63 64 65 66 67 68 69 71 73 74 75 76 77 78 79 80 81 82 83 84 85 86 87 88 89 90 91 92 93 94 95 96 97 98 99 100 
1 4 5 6 7 8 9 10 11 12 13 14 15 16 17 19 20 21 22 23 24 25 26 28 29 30 31 32 33 34 35 36 37 38 39 40 41 42 43 45 46 47 48 49 50 51 54 55 56 57 58 59 60 61 64 65 66 67 68 69 70 71 72 73 75 76 77 78 79 80 81 83 84 85 86 87 88 89 90 91 92 93 95 96 98 100 
1 2 3 4 5 7 8 9 10 11 12 13 14 15 16 17 18 19 20 21 22 23 24 25 26 27 28 29 31 32 33 34 35 36 37 38 39 40 41 43 44 45 46 48 49 50 51 52 53 54 56 57 58 59 60 61 62 63 64 65 67 68 70 71 72 73 74 76 77 78 79 80 81 83 84 86 87 88 89 91 92 93 95 96 97 99 100 
1 2 3 4 5 6 7 8 9 10 11 12 13 14 15 16 17 18 19 20 21 22 23 25 26 27 29 30 31 32 33 34 35 36 37 38 39 41 42 43 44 45 46 47 48 49 51 52 53 54 55 56 57 58 59 60 61 62 63 64 65 66 67 68 69 70 71 72 73 74 75 76 77 78 80 81 82 83 84 85 86 87 88 89 90 91 92 93 94 95 96 97 98 99 100 
1 2 3 4 5 6 7 8 9 10 11 12 15 16 17 19 20 21 23 24 25 27 28 29 30 31 32 33 34 35 36 37 41 42 43 44 45 46 47 48 49 51 53 55 57 58 60 61 62 63 64 65 66 67 69 70 72 73 74 76 77 78 79 80 81 82 83 84 85 86 87 89 91 92 94 96 97 98 99 100 
1 2 3 4 5 6 7 8 9 10 11 12 13 14 15 16 17 18 19 20 21 22 23 24 25 26 28 29 32 33 34 36 37 38 39 40 43 44 45 46 47 49 50 51 52 53 54 55 56 57 58 59 60 62 63 64 65 66 67 68 69 70 71 72 74 75 76 77 78 79 80 81 82 83 84 85 86 87 88 89 90 91 92 93 94 95 96 97 98 100 
1 2 3 4 5 6 7 8 9 10 11 12 13 14 15 16 17 18 19 20 21 22 23 24 25 26 27 28 29 30 31 32 33 34 35 36 37 38 39 40 41 42 43 44 45 46 47 48 49 50 51 52 53 54 55 56 57 58 59 60 61 62 63 64 65 66 67 68 69 70 71 72 73 74 75 76 77 78 79 80 81 82 83 84 85 86 87 88 89 90 91 92 93 94 95 96 97 98 99 100 
1 2 3 5 6 7 8 9 10 11 12 13 14 16 17 18 19 20 23 24 25 27 29 30 31 32 33 34 35 36 37 40 41 43 44 45 46 47 48 49 50 51 52 53 54 56 57 58 59 60 61 62 63 64 65 66 68 69 70 71 72 73 76 77 79 80 81 82 83 84 85 87 89 90 91 92 93 94 95 96 97 98 100 
1 2 3 4 5 6 7 8 9 10 11 12 13 14 15 16 17 19 20 21 22 23 24 27 29 30 31 32 34 35 36 39 40 41 42 44 45 46 47 48 49 50 52 53 54 55 56 57 58 59 61 62 63 64 65 67 68 69 70 71 72 73 74 75 76 77 78 79 80 81 82 83 84 85 86 87 90 91 92 93 95 96 97 99 100 
1 2 4 5 6 7 8 9 10 11 12 13 14 15 16 17 18 19 20 21 22 23 24 25 26 28 29 31 32 33 34 35 36 37 38 39 40 41 42 43 44 45 46 47 48 49 51 53 54 55 57 58 61 62 63 65 66 67 69 70 71 73 74 75 76 77 78 79 80 81 82 83 84 85 87 88 89 90 91 92 93 94 95 96 97 98 
1 2 3 4 5 6 7 8 9 10 12 13 14 15 16 17 18 19 22 23 25 26 27 29 30 31 32 33 34 35 36 37 38 39 40 41 42 43 44 45 46 47 48 49 50 51 54 55 56 57 58 59 60 61 62 63 64 65 66 67 68 69 70 71 72 73 75 76 77 78 79 80 81 82 83 84 85 86 87 88 89 90 91 94 95 97 99 100 
1 2 3 4 5 6 7 8 9 10 11 13 14 15 16 17 19 20 21 22 23 25 26 27 28 29 30 31 32 33 34 35 36 39 42 43 44 45 46 47 48 49 50 52 53 54 55 57 58 59 60 61 62 64 65 66 67 68 69 70 71 72 73 74 75 76 77 79 80 81 82 83 84 85 86 87 88 89 90 91 92 93 94 95 96 97 98 99 100 
1 2 3 4 5 6 7 8 9 10 11 12 13 14 15 16 17 18 19 20 21 22 23 24 25 26 27 28 29 30 31 32 33 34 35 36 37 38 39 41 42 44 45 46 47 48 49 50 51 52 53 54 55 56 58 59 60 61 62 63 64 65 66 67 69 70 71 72 73 74 75 76 77 78 79 80 81 82 83 84 85 86 87 88 89 90 91 92 93 94 95 96 97 98 99 100 
1 2 3 4 5 6 7 9 10 11 12 13 16 17 18 19 20 21 23 24 25 26 27 28 30 31 34 35 38 39 40 41 44 45 46 47 48 50 51 52 54 55 56 57 58 59 60 61 63 64 66 67 68 69 71 72 73 74 75 76 77 78 79 80 81 82 83 84 85 87 88 89 90 91 93 94 97 98 99 100 
1 2 3 4 5 6 7 8 9 10 11 12 13 14 15 16 17 18 19 20 21 22 23 24 25 26 27 28 29 30 31 32 33 34 35 36 37 38 39 40 41 42 43 44 45 46 47 48 50 51 52 53 54 55 56 57 58 59 60 61 62 63 64 65 66 67 68 69 70 71 72 73 74 75 76 77 78 79 80 81 82 83 84 85 86 87 88 89 90 91 92 93 94 95 96 97 98 99 100 
1 2 3 4 5 6 7 8 9 10 11 12 13 14 15 16 17 18 19 20 21 23 24 25 26 27 28 29 30 31 32 33 34 35 36 37 38 39 40 41 42 43 44 45 46 47 48 49 50 52 53 54 55 56 57 58 59 60 61 62 63 64 65 66 67 68 69 70 71 72 73 74 75 76 77 78 79 80 81 83 84 85 86 87 88 89 90 91 92 93 94 95 96 97 98 99 100 
2 3 4 5 6 8 9 10 11 12 14 16 17 18 20 21 22 23 24 25 26 27 28 29 30 31 33 34 35 36 37 38 39 40 41 42 43 44 45 46 47 49 50 51 52 53 55 56 57 58 59 61 63 64 65 66 67 68 69 70 72 73 75 77 78 79 80 81 82 83 84 86 88 89 90 91 93 94 95 96 97 98 99 100 
1 2 3 4 5 6 7 8 9 10 12 13 14 15 17 18 21 22 23 24 25 26 27 28 29 30 31 32 33 34 35 36 37 38 39 40 41 42 44 45 46 50 51 52 54 55 56 59 60 61 62 63 64 65 66 67 68 69 70 71 72 73 74 75 78 79 80 81 82 83 84 85 86 87 89 90 91 93 94 95 96 97 99 100 
1 2 3 4 5 6 7 8 10 12 13 14 15 16 19 20 21 23 24 25 26 27 28 29 30 31 32 33 34 35 36 37 39 40 41 44 45 46 47 48 49 51 52 53 54 55 56 57 58 59 60 61 63 64 65 67 68 70 71 72 73 75 77 78 79 80 81 82 83 84 85 87 89 90 91 92 93 94 95 96 97 98 99 
1 2 3 5 6 7 8 9 10 11 13 14 15 16 17 18 19 20 21 22 23 24 25 26 27 29 30 31 32 33 34 35 36 37 38 39 40 41 42 43 44 45 46 47 48 49 50 51 52 53 54 55 56 57 58 60 61 62 63 64 65 66 67 68 69 70 71 72 73 75 76 77 78 80 81 82 83 84 85 86 87 88 90 92 93 94 95 96 97 98 99 100 
2 3 4 5 6 7 8 9 10 11 12 13 14 15 16 18 19 20 21 22 23 24 25 26 27 28 29 30 31 32 35 36 37 38 39 40 41 42 43 44 45 46 47 49 50 51 52 53 54 55 56 57 58 59 60 61 62 63 64 65 66 67 69 70 71 72 73 74 75 76 77 78 79 80 81 82 83 84 85 86 87 89 90 91 92 93 94 95 96 97 98 99 100 
1 2 3 4 5 6 7 8 9 10 11 12 13 14 15 16 17 18 19 20 21 22 23 24 25 26 27 28 29 30 31 32 33 34 35 36 37 38 39 40 41 42 43 44 45 46 47 48 49 50 51 52 53 54 55 56 57 58 59 60 61 62 63 65 66 67 68 69 70 71 72 73 74 75 76 77 78 79 80 81 82 83 84 85 86 87 88 89 90 91 92 93 94 95 96 97 98 99 100 
2 5 6 7 8 9 10 11 12 13 14 15 16 17 18 19 20 21 22 23 24 25 26 27 28 29 30 31 32 33 34 35 36 37 38 39 41 42 43 44 45 46 47 48 50 51 53 54 55 56 57 58 60 61 62 63 64 65 66 67 68 70 71 72 73 74 75 76 77 78 79 80 81 82 83 84 85 86 87 88 89 91 92 93 95 96 97 98 99 
1 2 5 6 7 8 9 10 11 12 13 14 15 16 17 18 19 20 21 22 23 24 25 26 27 28 29 30 31 32 33 34 35 36 37 38 39 42 43 44 45 46 47 48 49 50 51 52 53 54 55 57 58 59 60 61 62 63 64 65 66 67 69 70 71 72 73 74 75 76 77 78 79 80 81 82 83 84 85 86 87 88 89 90 91 92 93 94 95 96 97 98 99 100 
2 3 4 6 7 9 10 11 12 13 14 15 16 17 18 19 20 21 22 23 24 25 26 27 28 29 30 31 32 33 34 35 36 37 38 40 41 42 43 44 46 47 48 49 50 52 53 54 55 56 57 58 59 60 61 62 63 64 65 66 68 69 71 72 73 74 75 76 77 78 79 81 83 84 85 87 88 89 90 91 92 93 94 95 96 97 98 99 100 
1 2 3 4 5 6 7 8 9 10 11 13 14 16 17 18 21 22 23 24 25 26 27 29 30 31 32 33 34 35 37 38 39 40 41 42 43 44 45 46 48 49 50 51 52 53 55 56 58 59 60 61 62 63 64 65 66 67 68 69 70 71 72 73 74 75 76 78 79 80 82 83 84 85 86 87 88 89 90 91 92 94 95 96 97 98 99 100 
3 4 5 6 8 9 10 11 12 14 15 16 17 18 19 20 21 22 23 24 25 26 27 28 29 31 32 33 34 35 36 37 39 40 41 42 43 44 45 46 47 48 49 51 52 53 55 57 59 60 61 62 63 64 65 66 67 68 69 70 71 72 73 74 75 76 77 78 79 80 81 82 83 84 85 86 87 88 89 90 91 92 93 94 95 96 97 98 99 100 
1 2 3 5 6 7 8 9 10 11 12 13 14 15 16 17 18 19 20 21 22 23 24 25 26 27 28 29 30 31 32 33 34 35 36 37 38 39 40 41 42 43 44 45 46 47 48 49 50 51 52 53 54 55 56 59 61 62 63 64 65 66 67 68 69 70 71 72 73 75 76 77 78 79 80 81 82 83 84 85 86 88 89 90 91 92 93 95 96 97 98 99 100 
1 2 3 4 5 6 9 10 12 14 16 17 18 19 20 21 22 23 26 27 28 29 30 31 32 33 35 36 37 38 39 40 41 43 44 45 46 47 48 49 51 53 54 55 56 58 60 61 62 63 64 66 67 68 69 70 71 72 73 74 75 76 77 78 79 80 81 82 84 85 86 88 89 90 92 93 94 95 97 98 99 100 
1 2 3 4 5 6 7 8 9 10 11 12 14 16 17 18 19 20 21 22 23 25 26 27 28 29 30 31 32 33 35 36 37 39 40 41 42 43 44 45 46 47 48 49 50 51 52 53 54 55 56 58 59 60 61 63 64 65 66 67 68 69 70 71 72 73 74 75 76 77 78 79 80 81 82 83 84 85 86 87 88 89 90 91 92 93 94 96 97 99 
1 2 3 4 5 6 7 8 10 11 12 13 14 15 16 17 18 19 20 21 22 23 24 25 26 28 29 30 31 32 33 34 35 36 39 40 41 42 43 45 46 47 48 49 50 51 52 53 54 55 56 57 58 59 60 61 63 64 65 66 67 68 69 70 71 72 73 74 75 76 77 78 80 81 82 83 84 85 86 87 88 89 90 92 93 95 96 97 98 99 100 
1 2 4 5 7 8 9 10 11 12 13 14 15 16 17 18 19 20 21 22 23 24 25 26 27 28 29 30 31 32 33 34 35 36 37 38 39 40 41 43 45 46 48 49 50 51 52 53 55 56 57 59 60 61 62 64 66 67 68 69 70 71 72 73 74 75 76 77 78 79 80 81 83 85 86 87 90 92 94 95 96 97 98 99 100 
1 2 3 4 5 6 7 8 9 10 11 12 13 14 15 16 17 19 20 21 22 23 24 25 26 27 28 29 30 31 32 33 34 35 36 37 38 39 40 41 42 43 44 45 46 47 48 49 50 51 52 53 54 55 56 57 58 59 60 61 62 63 64 65 66 67 68 69 70 71 72 73 74 75 76 77 78 79 80 81 82 83 84 85 86 87 88 89 90 91 92 94 95 96 97 98 99 100 
1 2 3 4 5 6 7 8 9 10 11 14 15 16 17 19 20 21 22 23 24 25 27 28 29 30 32 33 34 35 36 37 38 40 41 42 43 44 45 47 48 49 50 51 52 53 54 55 56 57 59 61 63 64 65 66 67 68 69 71 72 73 74 75 77 78 79 80 81 82 83 84 85 86 87 88 89 90 91 92 95 96 97 98 99 100 
1 2 3 4 5 6 7 8 9 10 11 12 13 14 15 16 18 19 20 21 23 24 25 26 27 28 29 30 31 32 33 34 35 36 39 40 41 43 45 46 47 48 49 50 51 52 53 54 55 57 58 59 60 61 62 64 65 66 67 69 70 71 72 74 75 76 77 78 79 80 81 82 83 84 85 86 87 88 89 90 91 92 93 94 95 96 97 98 99 100 
1 2 3 4 5 6 7 8 9 10 11 12 13 14 15 16 17 18 19 20 21 22 23 24 25 27 28 29 30 31 32 33 35 36 37 38 39 40 41 43 44 45 46 47 48 49 50 51 52 53 54 55 56 57 58 59 60 62 63 64 65 66 67 68 69 70 71 72 73 74 75 77 78 79 81 82 83 84 86 87 88 89 90 91 92 93 94 95 96 97 98 99 100 
1 2 3 4 5 6 7 8 9 10 11 12 13 14 16 17 19 20 21 22 23 24 25 26 27 28 29 30 31 32 33 34 35 36 37 38 39 40 41 42 43 44 45 47 48 49 50 51 52 53 54 55 56 58 59 60 61 62 65 66 67 68 69 70 71 72 73 75 76 77 78 79 80 81 82 83 84 85 86 87 89 90 91 92 93 94 95 96 97 98 99 100 
1 3 6 7 8 9 10 11 12 13 14 15 16 17 18 19 20 21 22 23 24 25 26 27 28 29 30 31 32 34 35 36 37 38 39 40 41 42 43 44 46 47 49 50 51 52 53 54 55 56 58 59 60 61 62 63 64 65 66 67 68 69 70 71 72 73 76 77 78 79 80 81 82 83 84 85 86 87 88 89 90 91 92 93 94 95 96 97 98 99 100 
1 2 5 6 8 9 10 11 12 13 16 17 18 19 20 21 22 23 24 25 26 27 28 29 30 32 33 34 35 36 37 38 39 40 42 43 44 45 47 48 51 52 53 54 55 56 57 58 59 61 62 63 64 65 66 67 68 69 70 71 72 73 74 75 76 78 79 80 81 82 83 84 85 86 87 88 89 90 91 93 94 95 96 97 98 99 100 
1 2 3 4 5 6 7 9 10 11 12 13 14 15 16 17 19 20 22 23 24 25 27 29 31 32 33 34 35 36 37 38 39 40 41 42 43 44 45 46 47 48 49 50 51 52 53 55 56 57 58 59 60 64 66 67 68 69 71 72 73 74 75 77 78 79 80 81 82 83 84 85 86 87 88 89 90 91 92 93 94 95 96 97 99 100 
1 2 3 4 5 6 7 8 9 10 11 12 13 14 15 16 17 18 19 20 21 23 24 25 26 27 28 29 30 31 32 33 34 35 36 37 38 39 40 41 43 44 45 46 47 48 49 50 51 52 53 54 55 56 57 58 59 60 61 62 63 64 65 66 67 68 69 70 71 73 74 75 76 77 78 79 80 81 82 83 84 85 86 87 88 89 90 91 92 93 94 95 96 97 98 99 100 
1 2 4 5 6 7 8 9 10 11 12 13 14 15 16 17 18 19 20 21 22 23 24 25 26 27 28 29 30 31 32 33 34 35 36 37 38 39 40 41 42 43 44 45 46 47 48 49 50 51 52 53 54 55 56 57 58 59 60 61 62 63 64 66 67 68 71 72 73 74 75 76 77 78 79 80 81 82 83 84 85 86 87 88 89 90 91 92 93 94 95 96 97 98 99 100 
1 3 4 5 7 9 10 11 12 14 15 16 17 18 19 20 21 22 23 24 25 26 27 28 29 30 31 32 35 36 37 38 39 40 41 42 43 44 45 47 48 49 50 51 52 53 54 55 56 57 59 60 61 62 63 64 65 66 68 69 70 71 72 73 74 75 76 78 79 80 81 82 84 85 86 87 88 89 90 91 92 93 94 95 96 97 98 100 
1 2 3 4 5 6 7 8 9 10 11 12 15 16 17 18 19 20 22 23 25 26 28 30 32 33 34 35 36 37 38 39 40 41 42 43 44 46 47 48 49 50 53 54 55 56 57 58 59 60 61 62 63 65 66 67 68 69 70 71 72 73 74 75 76 77 78 79 80 81 82 83 85 86 87 88 89 90 91 92 94 95 96 97 98 
1 2 3 4 5 6 7 8 9 10 11 12 13 15 16 17 18 19 20 21 22 23 24 25 26 27 28 29 30 31 32 33 34 35 36 37 38 39 40 41 42 43 44 45 46 47 48 49 50 51 52 53 54 55 56 57 58 59 60 61 62 63 64 65 66 67 68 69 70 71 72 73 74 75 76 77 78 79 80 81 82 83 84 85 86 87 88 89 90 91 92 93 94 95 96 97 98 99 100 
1 3 4 7 8 9 10 11 14 16 17 18 19 20 21 22 23 24 26 27 28 29 30 31 33 34 35 36 37 38 39 40 42 43 44 45 47 48 49 50 51 52 53 54 55 56 58 59 60 61 62 63 64 65 66 67 69 71 72 73 74 75 76 77 78 79 80 81 82 83 84 85 87 89 90 91 92 93 95 96 97 99 
1 2 3 4 5 6 7 8 9 10 11 12 13 14 15 16 17 18 19 20 21 22 23 24 25 26 27 28 29 30 31 32 33 34 35 36 37 38 39 40 41 42 43 44 46 47 48 49 50 51 52 53 54 55 56 57 58 60 61 62 63 64 65 66 67 68 69 70 71 72 73 74 75 76 77 78 79 80 81 82 83 84 85 86 87 88 89 91 92 93 95 96 97 98 99 100 
1 2 3 4 5 6 7 8 9 10 11 13 14 15 17 19 20 21 23 24 25 27 28 29 30 31 33 34 35 36 40 41 42 43 44 45 46 47 48 49 51 52 53 54 55 56 57 58 60 62 63 64 65 66 67 68 69 71 72 73 75 77 78 80 81 82 83 84 85 86 88 89 91 93 94 96 97 98 99 100 
1 2 3 4 5 7 8 9 10 12 13 14 16 17 18 19 20 21 23 24 25 26 31 32 33 34 35 36 37 40 41 42 43 44 45 46 47 48 50 51 52 53 54 56 57 58 59 60 63 64 65 66 67 68 70 71 72 73 74 75 76 77 78 79 80 81 84 86 88 89 90 91 93 94 95 96 97 98 99 100 
1 2 3 4 9 12 13 14 15 16 17 18 19 21 23 24 25 27 28 30 31 32 34 35 36 37 38 39 40 41 42 43 44 45 46 48 49 51 52 53 54 55 56 57 58 59 60 62 63 64 65 66 67 70 71 72 74 75 76 77 78 79 80 83 84 86 87 88 89 90 91 92 93 94 95 96 97 98 99 100 
2 5 7 9 10 11 13 14 15 17 18 19 21 23 24 26 27 28 29 30 31 32 34 35 36 37 38 39 42 43 45 46 47 48 50 51 52 53 54 55 56 57 58 59 60 61 62 63 64 65 66 67 68 69 70 71 73 74 75 76 77 80 81 82 83 85 86 87 88 89 90 91 92 94 95 96 97 98 99 100 
1 2 4 5 7 8 9 10 11 12 14 16 17 18 19 20 22 23 24 26 27 28 29 30 31 32 34 35 36 37 39 40 41 42 43 45 46 47 48 49 50 53 54 55 56 58 59 60 61 62 63 64 65 66 67 68 69 70 71 72 73 75 76 78 79 80 81 82 84 85 86 87 88 90 91 94 95 98 99 100 
1 2 3 5 6 7 8 10 11 13 14 15 16 17 19 20 21 22 23 24 25 26 27 28 29 30 31 33 34 35 37 38 39 40 41 42 43 44 45 46 47 48 49 50 51 52 53 54 55 56 57 58 59 60 61 63 64 65 66 67 68 69 70 71 72 73 74 75 76 77 78 79 80 81 82 83 84 85 87 89 90 91 92 93 94 95 96 97 98 99 100 
1 2 4 5 6 8 9 10 11 13 14 15 16 17 20 21 22 23 24 25 26 27 28 30 31 32 33 34 35 36 37 38 39 40 41 42 43 45 46 47 48 49 51 52 53 54 55 59 60 61 62 63 65 67 68 69 70 71 72 73 74 75 76 77 78 79 80 81 83 84 85 87 91 92 93 94 95 96 97 98 99 100 
1 2 3 4 5 6 7 8 9 10 11 12 13 14 15 16 17 18 19 20 21 22 23 24 25 26 27 28 29 30 31 32 33 34 35 36 37 38 39 40 41 42 43 44 45 46 47 48 49 50 51 52 53 54 55 56 57 58 59 60 61 62 63 64 65 66 67 68 69 70 71 72 73 74 75 76 77 78 79 80 81 82 83 84 85 86 87 88 89 90 91 92 93 94 95 96 97 98 99 100 
1 2 3 4 5 6 7 10 11 12 13 16 17 18 20 21 22 23 24 25 26 27 28 29 30 31 32 33 34 35 37 38 39 40 41 42 43 44 45 46 47 48 49 50 51 53 54 55 56 57 58 59 60 61 62 63 65 66 67 68 69 70 71 72 73 74 75 76 77 79 80 81 82 83 84 86 87 88 89 90 91 92 93 94 96 97 98 99 100 
1 2 3 4 7 8 9 10 11 12 13 15 16 17 18 19 20 21 22 23 24 25 26 27 28 29 33 34 35 37 38 39 41 42 43 45 46 47 48 49 50 51 52 54 55 56 57 59 60 61 63 64 65 66 68 69 70 71 72 73 74 75 76 77 78 79 80 81 82 83 84 85 86 87 88 89 90 91 92 93 94 95 96 97 99 
1 2 3 4 5 7 8 9 10 11 12 13 14 15 16 17 19 20 21 22 24 25 26 27 28 29 30 32 33 34 35 36 37 38 39 40 41 42 43 44 45 47 48 49 50 52 53 54 55 56 58 59 60 61 62 63 64 65 66 68 69 70 71 72 73 75 76 77 79 80 81 82 83 84 85 86 87 88 89 90 91 92 94 95 96 97 99 100 
1 2 3 4 6 7 8 9 10 11 13 14 17 18 19 20 21 22 23 24 25 26 27 28 29 31 32 33 37 39 40 41 42 44 45 46 47 48 49 50 51 52 53 54 55 56 57 59 60 61 62 64 65 66 67 69 70 73 74 75 76 77 78 79 81 82 83 84 85 87 88 89 90 91 92 93 94 95 97 98 99 100 
1 2 3 4 5 6 7 8 9 10 11 12 13 14 15 16 17 18 19 21 22 23 24 25 26 27 28 29 30 31 32 33 34 35 36 37 38 39 40 41 42 43 44 45 46 47 48 49 50 51 52 53 54 55 56 57 58 59 60 61 63 64 65 66 67 68 69 70 71 72 73 74 75 76 77 78 79 80 81 82 83 84 86 87 88 89 90 91 92 93 94 95 96 97 98 99 100 
1 2 3 4 5 6 9 10 11 12 13 14 16 17 18 19 20 21 22 23 24 25 26 27 28 29 30 31 32 33 34 35 36 37 38 39 40 41 42 43 44 45 46 47 48 49 50 51 52 53 54 55 56 57 58 59 60 61 62 63 64 65 66 67 68 69 70 71 72 73 74 75 76 77 78 80 81 82 83 84 85 86 87 88 89 90 91 92 93 94 95 97 98 99 100 
1 2 3 4 5 6 7 8 10 11 13 14 15 16 17 18 19 20 21 22 23 24 25 26 27 29 30 31 32 33 34 35 37 38 39 41 42 43 44 45 46 47 49 50 51 52 53 54 55 57 58 59 61 62 63 64 65 67 68 69 72 74 76 77 79 80 81 82 84 85 86 87 88 89 91 92 94 96 98 99 100 
1 2 3 4 5 6 7 8 9 10 12 13 14 15 16 19 20 21 22 23 24 26 27 28 29 30 31 32 33 34 35 36 37 38 39 40 41 42 43 44 47 49 51 52 53 54 55 56 58 59 60 62 64 65 66 67 68 69 71 72 73 74 75 76 77 78 79 80 82 83 84 85 86 87 88 89 90 91 92 93 94 95 98 99 100 
1 2 4 6 7 9 10 11 13 14 15 16 17 18 19 20 22 23 24 25 26 27 28 29 30 31 32 33 34 35 36 37 38 39 41 42 44 45 46 47 49 50 51 53 54 56 57 59 60 61 62 63 64 65 66 67 69 70 71 72 73 74 78 79 81 82 84 85 86 88 89 90 91 92 93 94 95 96 97 98 99 100 
1 2 4 5 6 7 8 9 10 12 13 14 15 17 18 19 20 24 27 29 30 31 32 33 34 36 37 38 39 40 41 42 43 45 46 47 48 50 51 52 53 54 56 57 59 60 61 62 63 64 65 67 68 69 70 71 72 74 75 76 77 78 80 81 82 83 84 85 86 87 89 90 91 93 94 95 97 98 99 100 
1 2 3 4 5 6 7 8 9 10 11 12 13 14 15 16 17 18 19 20 21 22 23 24 25 26 28 29 30 31 32 33 34 35 36 37 38 39 40 41 42 43 44 45 46 47 48 49 50 51 52 53 54 55 56 57 58 59 61 62 63 64 65 66 67 68 69 70 71 72 73 74 75 76 77 78 79 80 81 82 83 84 85 86 87 88 89 90 91 92 93 94 95 96 97 98 99 100 
1 2 3 4 5 6 7 8 9 10 11 12 13 14 15 16 17 18 19 20 21 22 23 24 25 26 27 28 29 30 31 32 33 34 35 36 37 38 39 40 41 42 43 44 46 47 48 50 51 52 53 54 55 56 57 58 59 60 61 62 63 64 65 66 67 68 69 70 71 72 73 74 75 76 77 78 79 80 82 83 84 85 86 87 88 89 90 91 92 93 94 95 96 98 99 100 
1 2 3 5 6 7 8 10 11 12 13 14 15 16 17 18 20 21 22 25 27 28 29 30 31 32 34 35 36 37 38 39 40 41 42 43 44 45 46 47 49 50 51 52 53 55 56 57 58 59 61 63 64 65 66 67 68 69 71 72 73 74 75 77 78 79 80 81 83 84 85 86 87 90 91 92 93 94 95 97 98 99 100 
3 4 7 8 9 10 11 12 13 15 16 18 19 21 22 23 24 25 26 27 29 30 31 32 33 34 35 37 38 40 41 42 43 44 45 46 47 48 49 50 51 52 53 54 55 56 57 58 59 60 61 62 63 64 65 66 67 68 70 71 72 73 74 77 78 79 80 82 84 85 86 87 89 90 92 93 94 96 97 98 99 
1 2 3 4 5 6 7 8 9 10 11 12 14 15 16 17 18 19 21 22 23 25 26 29 30 31 32 33 34 35 36 38 39 40 41 42 43 44 45 46 47 48 49 50 54 55 56 57 58 60 61 62 64 65 66 67 68 69 70 71 72 73 74 75 76 77 78 79 80 81 82 83 84 85 86 89 90 91 92 93 94 95 96 97 98 99 100 
1 2 3 6 7 8 11 12 13 14 15 16 17 18 19 20 21 22 23 24 25 26 27 28 29 31 33 34 36 37 38 39 40 41 42 43 44 45 46 47 48 49 50 52 53 54 55 57 58 59 61 62 63 64 65 66 67 68 69 70 71 72 74 75 76 77 78 79 80 81 82 83 84 86 88 89 90 91 92 93 94 95 96 97 98 99 100 
1 2 3 4 5 6 7 8 9 10 11 12 13 14 15 16 17 18 19 20 21 22 23 24 25 26 27 29 30 31 33 34 35 36 37 38 39 40 41 42 43 44 45 46 47 48 49 50 51 52 54 55 56 57 58 59 60 61 62 63 64 65 66 67 68 69 70 71 72 73 74 75 76 77 78 79 80 81 82 83 84 85 86 87 88 89 90 91 92 93 94 95 96 97 98 99 100 
1 2 3 4 5 6 7 8 9 10 13 14 15 16 17 18 20 22 23 24 25 26 27 28 29 30 33 35 36 37 38 39 40 41 42 44 45 47 48 49 51 52 53 54 55 56 57 58 59 60 61 62 63 64 66 68 69 70 71 72 73 74 75 76 77 78 80 81 82 83 84 85 86 87 88 89 90 91 92 93 94 97 98 99 100 
1 2 3 4 5 6 7 8 9 10 12 13 14 15 16 17 18 20 21 23 24 25 26 27 28 29 30 31 33 34 35 36 37 38 39 40 41 43 45 46 49 51 52 55 57 58 60 61 62 63 64 65 66 67 68 69 70 71 72 73 74 75 76 77 78 79 80 81 82 83 84 85 86 87 89 90 91 92 94 95 96 97 98 99 100 
1 2 3 4 5 6 7 8 9 10 11 12 13 14 15 16 17 18 19 20 21 22 23 24 25 26 27 28 29 30 31 32 33 34 35 36 37 38 39 40 41 42 43 44 45 46 47 48 49 50 51 52 53 54 55 56 57 58 59 60 62 63 64 65 66 67 68 69 70 71 72 73 74 75 76 77 78 79 80 81 82 83 84 85 86 87 88 89 90 91 92 94 95 96 97 98 99 100 
1 2 3 4 5 6 7 9 10 11 12 13 14 15 16 17 18 19 20 21 22 23 24 25 26 27 28 29 32 33 34 35 36 37 39 40 41 42 43 45 46 47 48 49 50 51 52 53 54 55 56 57 58 59 60 61 62 63 64 65 66 67 69 70 72 73 74 75 76 77 78 79 80 81 82 83 84 85 86 87 88 89 90 91 92 93 94 96 97 100 
1 2 3 4 5 6 7 8 9 10 11 12 13 14 15 17 18 19 20 21 22 23 24 25 26 27 28 29 30 31 32 33 34 35 36 37 38 39 40 41 42 43 44 45 46 47 48 50 51 52 53 54 55 56 57 58 59 60 61 62 63 64 66 67 68 69 70 71 72 73 74 75 76 78 79 80 81 82 83 84 85 86 87 88 89 90 91 92 93 94 95 96 97 98 99 100 
1 2 3 4 5 6 7 8 9 10 11 12 13 14 15 16 17 18 19 20 21 22 23 24 25 26 27 28 29 30 31 32 33 34 35 36 37 38 39 40 41 42 43 44 45 46 47 48 49 50 51 52 53 54 55 56 57 58 59 60 61 62 63 65 66 67 68 69 70 71 72 74 75 76 77 78 79 80 81 82 83 84 85 86 87 88 89 90 91 92 93 94 97 98 99 100 
1 2 3 6 7 9 10 11 12 13 14 15 16 18 20 21 22 23 24 25 26 27 29 30 31 32 33 34 36 37 38 40 41 43 44 47 48 49 50 51 53 55 56 58 59 60 61 62 63 64 66 67 68 69 70 71 72 73 74 76 78 79 80 81 82 83 84 85 86 87 88 89 91 92 93 94 95 96 97 99 100 
1 2 3 4 5 6 7 8 9 10 11 12 13 14 15 16 17 18 19 20 24 25 26 28 29 30 31 32 34 35 36 37 38 39 40 41 43 45 46 47 48 49 52 53 54 55 56 57 58 59 60 61 62 63 64 66 67 68 69 70 71 72 73 74 75 76 77 78 79 80 81 82 83 84 85 86 89 90 91 92 93 94 95 96 97 98 99 
1 2 3 4 5 6 7 8 9 10 11 13 14 15 16 18 19 20 21 22 23 24 25 26 27 28 29 30 31 32 33 34 35 36 37 38 39 41 42 43 44 45 46 47 48 49 50 51 52 53 54 55 56 57 59 60 61 64 65 66 67 68 69 70 71 72 73 74 75 76 77 78 79 80 81 82 83 84 85 88 89 90 91 92 93 94 95 96 97 98 99 100 
2 3 4 6 7 8 9 10 11 13 14 15 16 17 18 20 21 23 24 25 26 27 28 29 30 31 32 33 34 35 36 37 38 39 40 41 42 43 44 45 46 47 48 49 50 51 52 53 54 55 56 57 58 59 60 61 62 63 64 65 66 67 68 69 70 71 72 73 74 75 77 78 79 80 81 82 83 84 85 86 87 88 89 93 94 95 96 97 98 99 100 
2 3 4 5 7 8 9 10 11 12 13 14 15 18 19 20 21 22 23 24 25 26 27 28 29 30 32 33 34 35 36 37 38 39 40 41 42 45 46 47 48 49 50 51 53 54 55 56 57 58 59 60 61 62 63 64 65 67 68 69 70 72 74 75 76 77 78 79 80 81 83 84 85 86 88 89 90 92 93 94 96 97 99 100 
1 2 3 4 5 6 8 9 10 11 12 13 14 15 16 17 18 19 20 21 22 23 24 25 26 27 28 29 31 32 33 34 35 36 37 38 39 40 41 42 43 44 46 47 48 49 50 51 52 53 54 55 56 57 58 59 60 61 62 63 64 66 67 68 69 70 71 72 73 74 75 76 77 78 79 82 83 84 85 86 88 89 90 91 92 93 95 96 97 98 99 100 
1 2 3 4 5 6 7 8 9 10 11 12 13 14 15 16 17 18 19 20 21 22 23 24 25 26 27 28 29 30 31 32 33 34 35 36 37 38 39 40 41 42 43 44 45 46 47 48 49 50 51 52 53 54 55 56 57 58 59 60 61 62 63 64 65 66 67 68 69 70 71 72 73 74 75 76 77 78 79 80 81 82 83 84 85 86 87 88 89 90 91 92 93 94 95 96 97 98 99 100 
1 2 3 4 5 6 7 8 9 10 11 12 13 14 15 16 17 18 19 20 21 22 23 24 25 26 27 28 29 30 31 32 33 34 35 36 37 38 39 40 41 42 43 44 45 46 47 48 49 50 51 52 53 54 55 56 57 58 59 60 61 62 63 64 65 66 67 68 69 70 71 72 73 74 75 76 77 78 79 80 81 82 83 85 86 87 89 90 91 93 94 95 96 97 98 100 
2 3 4 5 6 8 9 10 11 12 13 14 16 18 19 20 21 22 23 24 26 27 28 29 30 31 32 33 34 35 36 38 39 40 41 42 44 45 46 49 50 51 54 55 57 58 59 60 61 62 64 65 67 68 69 70 71 73 74 75 76 77 78 79 80 81 82 83 85 86 87 88 89 91 92 94 96 97 98 99 100 
1 2 3 4 5 7 8 10 11 12 13 14 15 16 17 18 19 20 21 22 23 25 26 27 28 29 30 31 32 33 34 35 36 37 38 39 40 41 42 43 44 45 46 47 49 50 51 52 54 55 56 57 59 60 61 62 63 64 66 68 70 71 72 74 75 76 77 78 79 80 81 82 83 84 85 86 87 88 89 91 92 93 94 95 96 97 98 99 100 
1 3 4 5 6 7 9 10 11 13 14 15 16 17 18 19 20 21 22 23 24 25 26 27 29 30 32 33 34 35 36 37 38 40 41 42 43 44 45 46 47 49 50 51 52 53 54 55 56 57 58 59 61 63 64 66 67 68 69 70 71 73 75 76 77 78 79 80 81 82 83 84 85 86 87 88 89 90 91 92 93 94 95 96 97 98 99 100 
1 2 3 4 5 6 7 9 10 11 12 13 14 15 16 17 18 19 20 21 22 23 24 25 27 28 29 31 32 33 34 35 36 37 38 40 42 44 45 46 47 48 49 50 51 52 53 54 55 56 57 58 59 60 61 62 64 65 66 67 70 71 73 74 75 77 78 79 80 81 83 84 86 87 88 89 90 91 92 93 94 95 96 99 100 
1 2 3 4 5 6 7 8 9 10 11 13 14 15 16 17 18 19 20 22 23 24 25 26 27 28 29 30 31 32 33 34 35 36 37 38 39 40 41 42 43 44 45 46 47 48 49 50 51 52 53 54 55 57 58 59 60 61 62 63 64 65 66 67 68 70 71 72 73 74 75 76 77 78 79 80 81 82 83 84 85 86 87 88 89 90 91 92 93 94 95 96 97 98 99 100 
7.15 3.44 8.22 1.11 0.59 -6.2 4.78 -9.52 -7.77 0.59 -4.12 0.69 9.04 -0.59 3.44 1.72 -4.79 3.39 7.06 3.03 -2.89 2.84 -2.37 7.51 6.38 -5.74 -8.07 -3.57 9.85 9.13 -0.76 -7.87 -2.34 -5.32 2.38 -0.72 -2.03 -8.92 4.16 3.02 -7.48 0.46 -9.58 4.44 5.69 2.45 9.27 -7.7 -5.34 -7.93 -8.26 -6.53 -2.02 8.5 2.94 2.82 8.17 -7.7 -4.08 -9.23 4.94 9.46 0.78 -4.52 -9.96 -1.41 1.79 -9.08 -2.75 -4.86 7.14 3.48 -3.04 9.89 -8.72 -4.43 -6.99 -5.73 2.84 -6.62 9.06 -4.72 0.12 7.07 3.24 -8.28 2.05 -5.88 3.02 6.9 3.54 4.34 5.61 9.62 -6.72 5.49 -8.81 4.55 6.41 3.35 
-9.19 -8.22 9.34 -4.95 2.42 8.69 9.91 6.21 -9.93 -3.51 -1.4 8.53 -1.03 -8.9 8.12 -5.76 -0.09 -9.8 -8.78 7.36 9.73 6.78 5.42 7.0 -2.73 -8.97 -2.56 5.99 3.63 -0.84 -4.69 -8.49 -5.31 -2.06 7.43 -9.04 9.93 -3.27 3.83 9.65 1.75 7.02 1.54 -5.25 -7.28 2.17 8.53 -2.31 -6.35 0.54 -1.31 -1.98 -2.51 -7.66 0.5 -1.51 -5.35 4.44 -9.38 -9.25 -8.66 -1.81 -9.28 -2.72 -4.43 1.38 -8.12 0.12 6.6 -1.31 -1.14 6.28 -2.71 1.89 8.48 -3.74 -9.32 9.07 2.3 9.88 -4.1 -7.67 7.45 -5.43 -5.31 -1.19 6.4 9.76 -8.05 8.34 6.27 -0.44 -1.42 -9.8 7.05 5.82 3.97 -9.56 9.1 
3.16 8.97 -2.74 7.4 8.44 4.17 7.61 2.36 -5.38 -8.46 -5.99 9.19 0.81 -6.88 -8.44 7.67 6.92 5.25 -3.5 -8.44 7.55 7.17 6.88 -9.03 -5.03 0.89 -2.9 8.22 7.31 5.68 -9.04 1.76 5.2 6.48 2.19 -6.62 6.99 1.04 5.84 -4.18 -8.56 -9.55 8.18 5.37 4.88 1.24 -4.72 -1.21 6.82 -5.66 8.66 3.92 -1.26 3.56 2.39 5.66 -1.84 -2.37 -3.92 2.81 7.44 9.24 3.09 -1.49 0.0 -5.78 0.85 -0.42 3.16 -9.15 5.04 9.12 3.6 4.73 -2.4 3.77 -1.52 7.21 7.26 -3.58 -0.18 -6.19 5.31 -3.16 3.21 2.62 -4.66 6.08 -7.75 -9.84 -8.04 -4.64 -7.87 3.84 4.48 1.38 -6.33 -3.79 
-2.1 -6.41 2.95 -9.47 3.95 4.97 -2.23 -1.48 4.26 -6.57 -7.75 -2.75 -6.74 6.28 2.87 7.13 -2.2 -3.5 -7.62 9.56 5.82 -8.01 -9.11 8.73 -8.95 7.88 9.37 3.91 0.02 -1.89 9.09 8.84 3.0 -0.75 -3.31 6.87 2.37 9.39 -2.96 4.26 -2.94 -9.19 7.35 7.4 -0.19 -1.15 -1.12 -8.65 6.14 2.49 5.88 5.34 -6.48 1.57 -9.55 9.79 -8.55 0.14 -5.16 -0.98 3.23 4.69 3.83 7.95 -0.67 -4.89 -9.11 -9.35 4.75 -5.12 -4.4 -4.84 7.7 -2.36 9.43 -8.92 -4.32 8.89 -5.85 -7.51 0.95 2.73 5.73 4.32 -3.81 -7.63 -3.13 -2.45 -4.05 -9.51 8.3 -5.95 -7.09 -5.41 -6.36 -9.85 8.46 
9.06 -1.99 -0.93 -7.57 -6.41 1.45 5.7 -4.0 3.58 5.15 6.21 -1.41 3.23 3.12 -7.43 0.74 1.68 -8.98 9.79 8.03 8.9 -5.57 -4.14 -3.13 -6.38 4.75 -1.7 2.5 -3.77 -4.63 4.27 2.81 0.29 2.03 -1.52 -8.82 0.17 6.38 -5.21 1.69 9.28 6.43 2.45 5.52 6.61 1.57 0.46 -2.44 -5.84 2.18 9.73 6.88 4.36 3.51 -4.87 -6.61 1.06 -5.05 7.67 -4.75 -4.34 -9.32 -9.32 1.53 -0.25 9.68 -6.42 0.66 -2.35 -8.51 -7.29 -3.48 5.57 -2.68 -2.32 -7.77 3.03 -2.51 -1.45 6.82 2.76 -6.15 -3.99 2.16 -9.32 9.18 -4.23 -3.26 -5.13 -1.37 -3.39 -8.22 -6.09 -4.46 -8.01 -8.92 
2.1 9.71 -9.13 3.99 -5.6 -4.13 -8.82 5.56 0.98 -7.81 4.17 -4.13 1.55 9.14 -8.72 7.35 -1.61 -9.39 7.39 7.14 -1.89 -1.96 -0.78 5.83 9.34 -8.57 7.01 5.11 4.45 6.61 -7.78 -4.4 8.0 -5.7 -4.57 -8.09 2.04 -3.42 0.36 5.97 2.05 4.89 9.02 -6.22 -9.08 -8.13 6.11 8.4 -4.99 -8.95 -2.06 -9.92 -4.0 -9.73 8.69 4.28 -7.64 7.62 -3.57 -7.86 -8.39 9.9 -3.74 1.01 6.91 -0.49 -9.64 5.6 -6.54 -2.77 -8.23 -5.78 9.94 -8.26 5.51 4.89 6.06 7.37 -8.15 -6.98 -7.4 -9.94 -7.06 -8.94 5.8 6.34 -4.85 -6.62 0.61 -9.44 8.86 8.81 1.71 1.68 8.93 
2.57 -5.65 -1.99 -4.55 0.84 -9.86 0.42 -2.78 -9.53 -0.93 -7.79 -0.46 3.03 4.54 7.58 0.56 -6.6 -4.49 3.56 5.23 -8.32 -5.04 0.72 -3.82 -4.4 -7.33 4.03 -7.55 1.23 -9.41 -3.08 -6.72 -4.12 7.18 4.22 -3.14 -1.08 3.65 6.71 3.18 2.71 -7.03 5.19 0.96 -2.95 7.61 -8.22 3.26 2.36 -3.6 0.84 -1.04 4.76 6.71 -7.72 -0.53 -1.18 3.65 -2.88 4.52 -2.33 -8.55 5.15 4.6 -0.71 1.52 9.27 -1.02 -1.61 -8.19 -1.19 -2.61 5.73 5.31 7.9 -8.46 5.12 -7.33 0.71 9.2 0.42 7.72 -4.53 -0.09 1.23 6.49 1.14 8.97 1.91 4.76 6.96 6.1 -2.94 -7.86 
0.77 6.65 9.92 -9.75 3.57 8.68 5.6 -8.6 -2.93 0.9 -5.66 -3.26 -1.69 3.44 -5.1 9.61 0.51 3.15 -9.19 0.95 -4.53 -9.59 -1.89 7.49 0.04 -1.45 6.67 3.5 3.93 9.03 -8.14 6.12 7.11 -8.48 -9.68 -1.17 -2.71 -4.99 -2.42 -4.97 1.19 5.21 4.31 9.51 6.27 3.82 5.76 1.61 -5.34 -8.0 5.09 -9.04 -4.02 -9.06 -2.53 -9.77 0.15 4.63 -6.5 2.22 -5.34 1.41 1.7 -7.72 -5.02 6.16 6.77 -6.8 1.4 -7.26 -7.3 -3.49 3.36 2.97 7.59 6.5 -4.82 6.21 8.73 -6.87 1.03 -9.65 -2.89 -6.05 8.44 -5.08 -8.23 5.09 -5.72 -0.03 8.75 -4.62 4.19 
-4.13 8.05 -7.24 -3.15 -6.78 2.24 1.76 6.99 -7.84 8.42 -6.01 -0.8 2.85 9.64 -1.27 -7.25 -7.38 6.5 1.13 7.53 -5.59 -1.48 -7.05 2.99 -3.9 8.4 -3.19 -1.15 3.12 3.03 6.4 -0.5 1.18 3.4 -2.63 -1.77 -2.34 4.72 -5.28 2.23 6.66 -1.8 6.88 1.68 5.84 8.63 -4.74 1.23 4.48 4.91 -3.48 8.14 8.06 2.25 -5.23 -4.63 0.71 7.25 9.6 5.81 8.42 7.5 -6.58 -5.95 -5.47 4.31 -8.0 4.95 7.09 -5.39 7.19 -8.78 2.7 6.25 5.75 8.44 9.45 6.43 8.67 2.96 7.25 -8.19 -7.9 3.65 8.59 3.79 -1.43 7.17 0.21 2.19 -7.37 -1.95 
-5.55 -7.24 6.25 -1.54 1.28 -6.18 -5.68 -4.47 -2.62 -6.93 3.52 3.58 7.93 3.76 -0.53 9.8 5.09 8.95 -0.98 3.93 0.33 -6.84 3.9 -5.7 -8.63 -8.17 -2.47 -2.45 9.15 -8.78 8.64 7.02 1.28 2.61 -3.22 7.64 -6.87 4.75 2.1 2.08 -3.53 8.12 1.33 -7.3 -7.59 3.5 -9.94 4.17 0.24 -7.12 1.32 -4.6 -4.19 7.93 -6.9 -1.27 1.64 -4.98 -4.73 8.03 -5.34 -1.14 -9.14 6.52 -4.65 -3.42 2.44 6.04 0.98 -2.84 -1.83 8.48 0.51 -9.4 1.0 7.93 -5.85 -9.12 8.45 6.43 -5.9 3.02 -7.68 -9.84 3.27 8.36 -4.99 -7.43 7.18 -3.4 8.0 
5.58 4.56 6.88 -7.54 1.69 -8.17 -4.61 -7.92 -1.38 -9.0 -1.11 -2.11 -2.54 -1.75 -6.88 -9.46 7.87 9.52 4.34 -1.69 0.41 -2.04 -7.43 -1.03 7.02 2.67 1.34 -3.7 -6.56 3.87 5.38 6.55 -4.91 -0.56 -9.65 9.05 -6.25 7.52 1.68 9.19 3.06 -2.83 0.99 7.04 3.26 8.54 1.62 9.31 -9.21 -5.25 -9.89 1.75 4.17 9.44 3.28 -0.27 0.79 4.97 -8.34 -4.72 0.84 5.27 1.33 -7.25 5.78 -6.71 -5.49 5.03 -1.46 -9.8 -7.98 4.55 -6.93 0.98 1.2 2.63 -2.37 -7.43 -4.53 7.66 -3.61 -8.61 -7.01 1.39 -0.32 7.13 1.57 -1.62 -6.14 -5.48 
0.58 -9.88 -4.94 -0.86 -3.24 7.07 8.15 -0.65 3.76 -7.06 -8.75 1.96 -9.17 -7.75 9.79 8.98 -8.89 2.62 9.47 -6.64 8.0 -4.35 6.93 4.53 8.38 0.93 1.68 0.97 5.89 0.75 8.85 -3.93 -9.92 9.69 -6.51 -5.72 -5.97 -1.31 -4.73 -1.9 -1.74 -1.07 8.05 -2.79 -2.48 0.64 0.58 -1.31 -9.79 3.46 -4.1 0.3 -2.06 -5.91 1.8 -2.74 -1.69 7.22 9.46 -5.84 2.66 -6.66 -8.26 1.72 -8.49 -5.36 -9.54 4.13 0.49 8.84 -7.55 -6.29 5.88 -5.61 2.86 6.89 -3.57 -4.78 -9.93 1.6 -9.98 0.8 8.28 -8.06 -6.56 3.8 -2.68 6.78 -6.6 
-7.64 1.32 1.19 -8.75 -5.52 -9.92 3.48 -1.48 0.07 5.97 0.87 -2.57 9.89 -2.36 -1.24 -7.59 6.52 7.77 0.4 -7.2 -8.4 -7.02 9.96 -3.87 0.95 -2.39 5.06 5.45 -5.81 4.74 -0.46 9.81 -0.31 1.38 2.8 7.61 3.13 -0.09 -1.7 -6.68 -1.26 2.94 6.67 -9.5 -9.96 -7.75 3.99 -9.7 -0.95 1.12 5.79 6.34 1.06 -6.66 0.64 7.41 -4.93 2.62 -7.56 3.72 -3.1 9.07 -7.19 1.97 -9.56 2.41 3.08 8.74 5.28 7.74 6.44 -2.9 4.04 -2.27 -7.52 9.81 -6.7 -4.64 5.26 9.46 2.83 -5.03 -3.07 -3.26 -1.31 -6.96 -1.12 -0.89 
-3.47 -9.42 -5.89 -0.96 2.9 4.7 1.3 -1.58 6.69 3.32 2.35 -6.76 1.71 -0.85 4.27 9.22 -6.81 -5.13 -8.8 0.22 2.97 2.08 0.55 -5.96 -2.22 -0.78 -1.99 -1.72 3.61 -3.62 -0.09 -1.45 4.37 7.04 -3.15 3.06 -9.83 1.28 2.84 -5.72 9.75 -7.02 7.01 4.12 -5.79 4.72 0.24 -2.79 3.4 -8.69 5.25 -0.89 8.31 -6.7 -4.38 -6.1 -1.87 -2.07 5.87 -6.13 -7.86 0.77 6.27 4.17 8.46 5.6 -5.71 5.33 6.21 4.45 -4.69 9.65 9.64 0.32 6.05 3.07 -5.49 4.43 1.88 3.17 -1.45 0.9 -4.25 0.81 2.79 2.51 5.03 
-7.59 -6.72 -4.83 8.86 -2.65 7.25 1.61 -8.5 -3.46 6.98 3.04 7.74 0.51 7.17 8.59 7.88 -4.15 -8.7 2.5 -7.3 0.67 -9.62 3.1 -8.72 -5.89 -8.47 6.01 0.97 -6.38 7.66 -0.08 -7.74 -4.51 -3.86 -0.75 -0.86 -5.57 0.88 -9.18 7.82 9.21 -9.19 -9.81 -3.83 1.19 -6.42 -7.47 1.86 1.52 -8.8 1.83 7.85 -7.62 -0.12 8.72 2.65 -1.26 0.13 2.38 -8.57 6.27 -5.19 9.99 -0.31 0.82 2.45 -1.96 2.62 -4.21 -7.8 -1.6 9.09 7.55 1.66 7.56 -6.62 -2.21 -0.82 -2.74 -7.7 2.62 -0.32 9.14 -4.23 -3.04 -9.76 
-0.41 6.21 3.14 -4.01 6.75 -1.43 6.43 -2.76 -2.21 4.11 -2.9 -4.78 -0.97 -9.32 -3.29 5.35 2.72 5.68 0.85 -5.56 -0.89 -5.58 3.54 -8.73 -4.63 9.68 -4.5 6.5 -1.05 -1.95 -2.16 5.32 -5.29 -8.77 8.42 3.36 -3.04 6.88 3.69 8.87 5.63 6.44 -9.9 3.75 1.55 1.25 8.31 1.93 -4.9 -9.43 5.41 -0.58 -7.41 0.11 -6.5 -1.11 -0.59 7.42 -7.81 -3.98 -5.58 7.44 -6.11 3.99 -5.86 -1.27 -3.53 -6.37 5.21 2.86 6.54 5.04 2.05 6.32 7.4 -9.21 -1.58 -9.3 5.72 -1.7 -2.02 -3.06 5.06 1.7 8.92 
4.91 -7.16 7.13 7.45 -0.14 2.49 -4.58 -6.53 9.04 -4.09 -6.95 -8.45 -6.73 7.43 -4.38 -8.12 4.04 3.42 -0.03 5.57 -1.1 -0.32 1.71 -4.39 7.52 -3.75 -8.1 6.15 -1.28 7.17 4.25 8.71 6.98 9.4 -2.89 6.97 -8.01 1.55 0.67 8.18 -8.43 3.8 -1.38 3.16 -3.94 -9.22 -5.01 8.07 -4.45 -0.99 -9.04 2.12 9.85 -1.04 -2.13 -8.53 -1.75 7.61 -9.11 -4.79 0.76 6.64 5.9 -7.24 -8.04 -3.0 -9.21 -0.35 -0.74 6.22 -1.97 1.61 3.61 1.35 8.28 -1.5 -3.47 4.19 -1.93 -5.28 -7.45 -9.74 5.22 -7.61 
6.3 6.48 -8.56 -5.11 -8.08 -1.64 7.72 -7.42 4.03 6.15 -1.42 -0.15 7.88 7.47 -8.57 4.12 -2.83 -8.79 4.92 4.55 6.76 -7.29 2.84 1.49 -5.75 6.47 8.89 3.15 -5.77 -2.94 3.24 -6.49 1.09 2.4 -9.96 9.83 -1.68 -7.38 6.04 7.35 -0.26 0.04 -2.4 7.78 7.69 -6.62 1.85 8.26 7.64 -4.04 8.81 7.36 5.54 6.51 -4.19 8.69 4.22 -5.09 -0.06 7.43 9.25 4.54 8.69 3.15 3.4 -6.7 2.1 -2.92 -5.35 9.42 -0.57 3.5 3.76 -7.82 2.71 -3.58 4.61 -4.47 6.42 -5.19 -4.84 -1.63 6.0 
-4.17 2.63 2.51 -3.38 7.88 5.11 -4.19 -2.6 2.39 7.05 -6.82 -5.1 4.26 1.56 8.14 -0.3 -5.11 -7.71 -6.23 2.45 -1.57 7.2 -0.71 4.6 6.16 5.78 -7.42 -9.52 -4.46 -7.42 -4.56 0.3 7.34 -3.23 -0.66 -5.14 -5.69 -4.21 7.75 1.74 7.7 6.94 -2.72 -7.98 -4.31 -3.42 6.5 -8.04 -5.75 -3.04 0.57 1.4 1.21 -9.82 -6.69 5.85 5.33 2.16 -6.18 -8.74 6.78 0.14 -6.6 -7.52 -3.27 -3.27 -5.19 -6.33 -7.54 5.94 6.06 0.4 6.54 -9.61 -4.18 -5.7 -3.26 6.68 -6.59 -8.63 -4.65 8.39 
4.81 -6.88 -1.64 4.97 0.68 -3.08 -7.08 -5.92 -9.47 6.17 -1.54 8.64 9.95 7.59 4.31 -9.28 9.61 7.13 7.87 -6.63 2.37 -7.52 -8.92 0.6 -8.8 9.85 1.73 1.2 -6.88 -2.68 9.62 9.34 -1.84 -7.07 -3.45 7.09 -2.32 -6.39 2.16 -2.33 7.22 -4.31 7.88 5.87 5.54 -7.72 4.16 0.21 3.32 7.73 -1.13 8.25 7.07 -5.26 -0.2 2.52 -7.72 4.52 8.37 -3.54 1.29 9.14 -6.52 -5.16 0.73 -1.94 -0.51 -6.13 9.27 -4.41 -7.63 1.41 4.85 9.2 1.08 -4.08 4.03 2.23 -8.1 6.78 -2.53 
-9.86 -0.49 0.11 -5.98 -5.45 -1.21 -7.57 8.76 -1.77 -8.72 -4.87 -8.13 9.05 7.24 0.66 1.11 -7.95 -4.37 2.44 -8.94 -9.38 -1.45 2.06 9.44 9.02 -0.82 -2.77 -7.44 -0.35 -5.52 -7.6 -3.51 8.6 9.09 -0.59 -4.09 7.23 3.61 -8.61 7.76 -4.71 -2.12 2.64 1.7 -3.3 -2.47 4.76 -8.95 3.14 -8.34 -9.14 3.23 7.39 6.4 0.2 6.6 -9.33 5.19 2.56 9.87 -9.39 -1.12 -0.57 6.96 7.76 -0.17 -1.17 -2.75 -4.38 0.39 8.28 7.12 -1.32 7.65 4.29 2.28 -3.87 -4.24 -9.31 -9.93 
8.73 3.31 5.86 7.26 -3.74 -8.31 7.72 -1.37 -9.69 4.1 -5.89 -8.79 8.61 8.61 1.41 3.31 -2.62 7.45 -0.74 5.55 -0.23 2.63 4.25 9.42 -3.83 -9.89 6.67 -9.3 8.2 9.71 -10.0 3.55 -6.77 4.77 -7.74 -7.89 0.16 -3.06 -2.87 1.58 -4.72 -1.82 -3.04 -9.09 -9.78 1.45 6.3 0.56 -2.23 -5.56 -9.82 -0.23 4.08 4.15 5.2 9.65 -2.85 -2.76 9.78 -1.91 2.23 1.28 4.3 -7.71 -5.01 9.93 -9.03 1.01 -5.62 -7.38 4.39 -2.85 8.56 9.07 -4.8 8.8 -5.42 -4.61 1.01 
-3.41 5.71 6.74 -3.85 -0.12 7.07 5.16 -7.36 -5.05 -7.14 9.87 -9.74 1.18 -0.81 -4.78 -6.56 6.9 2.85 2.55 -4.57 -7.56 4.58 5.4 5.37 8.81 -8.96 4.24 0.78 -10.0 -7.83 -1.24 4.34 0.02 -1.39 -2.29 -4.61 4.32 7.35 -4.4 -6.75 -0.98 3.44 -8.91 -2.72 -3.23 -8.72 -7.43 -5.6 -7.43 -2.5 7.84 -3.07 9.83 3.99 -4.96 -0.17 0.42 3.29 -8.13 -1.73 3.07 10.0 3.44 -5.33 4.51 -4.0 8.38 -5.86 9.92 -8.33 9.98 2.7 -0.33 -8.25 -2.17 -5.57 -7.06 5.28 
-1.87 5.59 -4.09 -9.53 -1.95 2.0 6.35 -5.02 4.96 -6.19 -2.36 -0.6 -9.12 7.99 -9.11 -3.1 0.58 -1.05 -3.55 -3.71 -6.91 -2.44 -1.65 9.67 3.72 3.05 5.09 -0.43 9.07 -9.93 5.02 4.4 -1.63 5.22 1.71 8.47 8.35 2.11 -3.53 6.07 5.39 -0.15 -5.98 -2.22 -7.65 -4.89 -6.26 9.63 0.69 9.46 2.17 5.4 -2.44 2.17 5.19 5.49 -3.29 3.87 -9.66 3.83 0.31 -9.88 -3.94 -3.6 6.41 9.71 -3.57 2.7 5.72 5.29 -5.29 -1.38 3.37 2.66 3.82 -7.38 1.41 
4.98 -2.31 7.44 -1.96 -4.47 2.21 9.53 -2.84 -6.15 0.22 7.05 8.95 1.41 -7.37 8.3 5.28 2.32 -1.95 6.16 4.79 -4.9 -9.49 1.93 7.29 -6.15 -3.23 3.84 -9.47 5.53 -5.56 -8.16 8.68 9.43 -8.55 -1.47 0.23 -0.8 -0.86 7.42 8.67 9.4 5.95 -6.1 -1.22 -7.44 2.26 -5.74 -8.03 -9.84 -6.74 2.42 -7.22 5.3 9.18 3.23 -7.13 -3.93 -4.53 9.45 -2.73 3.89 -2.34 -4.85 7.48 4.4 -1.59 6.61 -4.07 -4.58 7.24 -8.13 0.86 5.93 6.84 4.28 2.79 
-4.25 4.48 -9.79 8.6 -6.21 -1.22 9.18 -6.6 2.16 -7.65 -3.2 3.06 -1.46 -7.31 9.33 5.61 -2.9 5.66 -1.75 2.34 7.68 4.71 2.65 -7.94 -7.02 8.41 6.92 5.74 -2.63 9.83 -8.29 -1.39 7.62 3.03 -9.58 5.72 8.11 4.72 8.25 8.16 -3.8 -6.33 -4.92 8.97 -1.62 -2.07 -9.42 -1.93 -3.02 -2.23 6.66 -8.66 -6.25 -9.27 -1.2 -2.29 -5.59 -5.33 6.29 1.92 4.32 4.0 8.5 -3.21 -4.18 4.6 -0.82 -4.91 8.28 4.6 8.47 8.86 3.5 -9.46 -7.83 
8.04 -5.88 5.27 -0.11 9.45 -7.57 3.82 4.98 -6.23 -7.41 2.97 -3.57 9.82 -4.76 2.68 7.01 2.74 -4.64 2.76 -6.71 -5.58 5.55 -5.31 -8.75 -3.86 -8.35 -0.07 5.65 -9.16 -0.75 6.27 4.27 7.53 9.27 -8.02 -6.75 -3.51 -6.77 -4.63 -7.83 0.18 -2.96 9.47 1.27 7.88 6.34 1.77 4.33 -7.67 -2.0 -5.55 -7.08 -2.89 -8.89 1.06 -5.61 6.35 -3.22 -1.37 7.72 3.43 8.05 -3.06 3.65 1.89 -7.71 -9.28 -4.6 8.29 2.1 -2.73 6.16 7.62 -0.99 
0.52 -5.07 -1.04 -1.48 -7.35 -5.74 -2.57 -3.89 -4.42 1.71 -5.69 -3.37 6.36 0.73 3.61 1.83 0.54 -4.18 8.23 -1.58 6.29 -0.89 -0.19 -0.73 -9.48 3.69 -0.97 -1.41 -3.02 0.03 1.43 5.63 -8.89 6.46 -8.61 7.59 0.59 8.59 9.74 -0.15 7.34 -3.31 3.22 -8.16 -4.24 -9.51 2.2 0.13 4.04 8.37 -6.69 -9.41 -9.53 -3.28 -4.56 -0.16 -1.78 -9.1 8.39 -5.44 0.57 -5.58 6.32 -3.29 -8.06 -2.08 1.84 5.91 9.79 -7.86 -5.7 -4.22 1.51 
0.72 5.44 -0.63 -6.67 -2.98 -2.15 -3.64 -2.3 -6.67 -2.42 8.79 -5.38 -6.04 8.14 -4.72 -9.84 8.9 3.79 -9.97 -5.06 8.37 3.23 8.83 4.83 1.88 5.29 8.71 -7.88 -8.26 -0.85 2.72 -9.34 -9.91 1.71 1.13 -9.19 -6.94 2.85 -6.65 -9.29 6.04 -6.17 4.76 4.66 -7.15 -5.23 9.82 8.74 1.94 -0.29 -8.71 -3.36 -6.62 4.74 -6.83 7.49 1.15 -9.99 6.15 9.88 3.41 7.56 -4.78 3.2 -6.81 7.3 5.45 -6.76 -5.28 -4.51 6.65 3.14 
-1.75 -5.77 0.44 1.19 -8.59 -2.72 -0.69 -8.78 -2.39 -7.69 9.19 9.83 -6.91 2.31 -2.35 0.0 3.48 5.11 4.36 -6.76 -3.46 9.7 -4.76 -2.98 -1.57 -8.61 -8.68 -6.84 -0.55 7.6 7.05 5.62 -6.15 -1.82 2.0 -3.76 -5.75 -0.84 -5.02 1.62 0.11 -0.23 9.22 -3.82 -6.94 -7.25 -8.15 8.73 2.21 -7.99 3.78 6.66 9.56 4.69 8.56 0.02 2.36 -1.32 -7.67 3.54 1.65 -7.06 8.29 -3.6 6.43 5.68 5.1 -0.34 -1.01 -1.9 3.47 
8.47 3.64 9.8 -6.85 4.92 -7.33 -4.48 4.08 9.67 6.71 9.22 -9.39 -3.09 0.12 6.0 -1.49 3.19 8.68 -6.35 5.76 0.99 -8.68 -7.17 9.31 -1.01 2.88 -3.49 1.97 1.67 -5.42 -7.46 -6.69 -5.24 -6.31 7.16 9.07 3.65 -9.43 5.15 -8.49 9.3 -8.98 2.13 9.13 5.48 -7.97 -2.88 8.79 -5.25 -7.81 -7.34 9.68 8.72 -1.08 0.31 6.62 4.61 1.9 -1.86 -2.97 -1.23 -0.93 5.82 6.5 8.68 0.1 -7.42 -8.58 7.45 -2.94 
6.16 1.39 -0.44 3.97 -5.45 -3.98 -0.62 3.62 4.08 6.43 -7.85 9.05 -4.55 -2.41 2.2 7.19 6.54 0.47 7.38 4.56 6.76 6.34 2.23 4.46 -6.21 0.55 -9.78 4.66 2.01 -4.94 4.04 3.5 -6.74 -0.84 4.22 -7.88 -0.42 9.37 5.5 -6.35 4.12 -4.55 -9.34 4.47 2.28 7.18 0.24 4.68 -0.37 9.57 5.87 7.28 -5.41 2.35 0.61 8.24 -7.24 4.58 -4.61 -4.73 -8.65 8.1 4.37 -4.09 8.21 -1.01 6.14 7.46 -4.2 
-4.15 7.6 -8.89 -6.58 -0.48 -1.91 -7.04 -1.85 3.7 1.04 -8.71 -3.34 0.45 5.79 7.1 8.81 -4.0 1.71 -8.45 -3.83 -2.58 3.51 3.83 1.31 -1.01 -3.77 -3.35 8.57 7.45 0.37 9.38 3.72 -9.85 -7.05 3.74 -1.81 -0.64 1.05 9.97 1.43 -4.27 1.87 -8.56 5.3 -2.47 9.66 -6.05 6.49 -6.28 5.57 3.72 1.84 0.52 7.53 -2.1 -7.68 3.98 5.4 -6.2 -8.4 2.82 -5.98 4.21 7.56 -2.47 9.47 -6.2 8.07 
9.85 -3.4 5.78 9.18 7.73 2.89 2.32 -3.25 2.36 0.19 4.09 -1.78 8.42 -6.18 9.03 9.82 -1.81 -0.91 8.49 -4.34 -2.03 2.75 -5.01 -2.54 3.65 4.26 -0.67 -8.18 -4.13 8.07 -2.97 -0.31 -8.31 -0.8 -0.23 7.04 -4.36 -3.12 -6.72 -5.91 1.5 7.19 9.15 -5.67 3.23 9.55 1.89 9.83 3.79 -5.68 8.55 -0.6 -6.56 8.34 7.26 4.23 -0.29 6.14 -3.5 3.5 2.85 -4.67 -0.11 8.55 -8.3 -1.25 3.98 
-8.03 -7.14 -1.79 4.83 5.85 0.01 0.19 3.42 -1.62 -2.73 -4.45 8.75 3.34 0.59 6.98 -2.11 0.05 -0.59 -0.34 -3.84 -7.98 1.43 5.15 -4.05 -2.68 8.75 -1.32 6.34 4.95 7.51 -6.77 -8.76 -6.58 -9.84 -5.89 -3.15 5.98 -7.12 5.78 -3.55 4.52 3.6 8.48 1.31 8.06 -1.13 2.28 6.83 1.11 -2.9 -1.71 -0.81 7.45 -1.64 -1.55 6.61 -4.0 -8.99 -0.64 8.64 -9.81 -3.9 1.13 -2.52 -6.1 -2.37 
-7.25 -3.17 0.91 6.75 -8.92 1.63 -9.1 -7.63 -6.67 5.62 5.16 1.51 0.98 -3.16 -3.23 -3.46 6.9 4.35 4.08 1.29 0.41 1.33 0.43 -5.74 7.27 4.47 -4.88 -7.81 4.19 0.41 9.11 6.52 3.15 1.3 -1.87 7.12 6.61 -6.26 9.09 -6.78 4.03 -9.85 -8.8 4.72 -5.93 -9.93 9.89 -0.56 -9.64 7.06 -0.94 -8.85 7.91 -3.0 -0.64 4.74 9.85 -1.25 7.39 2.92 -3.94 2.37 -6.27 -7.24 4.94 
9.55 6.38 2.25 5.67 5.34 -2.09 0.12 3.21 -7.9 5.96 2.73 3.67 -8.72 9.82 -9.02 0.04 -5.38 -3.24 7.38 1.14 -2.84 7.53 -3.41 -5.51 8.34 7.9 -7.7 -5.22 -5.37 -5.64 2.04 -8.09 -7.87 -7.68 -0.38 9.54 2.35 -0.68 1.64 7.4 3.78 1.55 -9.57 9.13 4.82 -1.43 -3.65 -9.48 -8.14 4.86 -3.49 4.44 4.63 3.58 0.6 3.74 1.33 1.6 -8.23 3.12 -0.69 4.12 0.42 1.95 
-8.26 9.7 8.78 -5.36 -6.12 2.64 4.74 7.95 -2.76 8.15 3.19 -2.17 -4.45 1.38 8.6 -1.5 0.49 -0.95 4.26 -8.81 -6.29 -3.38 -3.71 -5.18 0.3 -3.62 -6.28 -7.81 7.85 -3.82 -3.25 7.58 0.2 -1.43 -5.47 7.1 -2.8 -7.97 9.56 0.74 3.46 2.76 3.79 -6.69 5.56 8.48 7.97 -7.04 2.23 4.05 -1.32 -2.18 2.41 -7.27 -0.9 4.34 3.57 6.3 -2.44 1.15 -2.59 -5.96 8.52 
4.87 6.1 -8.18 8.16 -9.11 -8.92 -6.23 -9.32 -3.38 3.02 1.6 -9.31 5.81 -0.95 -2.35 5.15 -0.58 -9.48 -1.45 5.95 8.28 5.94 7.18 1.74 -2.16 0.26 -4.0 4.99 1.38 -0.06 9.5 4.09 3.14 2.43 -5.08 -0.14 1.7 9.23 -2.39 0.73 8.63 6.34 8.79 8.59 8.61 -3.9 -2.58 -5.16 -4.84 -6.78 1.74 8.26 7.24 8.02 6.96 -8.9 2.05 9.07 -2.32 8.7 9.45 0.69 
7.32 -0.7 2.5 -3.53 4.7 -0.93 3.31 3.14 0.97 5.03 -5.7 4.09 -2.47 7.59 -6.59 3.78 4.17 8.15 -0.44 6.05 5.24 9.96 -8.45 -1.78 -2.91 -8.18 0.54 6.02 0.26 5.81 9.39 1.66 1.73 -9.33 8.11 -9.85 -3.24 5.48 4.88 -2.29 -2.21 3.04 5.48 -2.96 -6.38 9.41 1.53 -5.0 -2.2 -7.03 -2.1 -2.65 9.06 -3.99 4.45 -9.62 -9.73 6.09 9.27 -7.38 3.49 
-0.01 -2.91 -9.13 2.51 -9.0 9.6 -7.52 0.4 -3.21 -0.39 1.19 -7.64 7.33 8.36 -7.91 -8.57 -6.99 7.12 1.13 3.39 -6.14 -5.02 -9.78 1.13 -8.31 -4.48 -7.69 -1.77 -5.22 3.23 -3.45 1.14 -6.06 0.42 2.75 5.71 6.3 6.6 -2.63 -1.25 -8.47 6.63 -6.73 -4.8 0.55 -6.31 -4.79 -1.94 -2.93 -8.36 -5.46 -1.27 3.2 1.71 -8.56 -0.24 1.54 9.62 -0.67 3.21 
0.39 -6.15 3.5 -8.24 -3.15 -5.66 -2.21 5.6 6.95 -0.21 1.81 -0.14 6.71 -3.93 -5.43 -6.69 1.97 -2.95 8.28 -5.1 -1.23 3.91 5.09 -8.82 8.18 -2.38 6.13 4.42 -4.19 -8.79 -1.21 7.73 5.37 6.9 0.88 -0.92 3.45 9.43 -2.45 8.7 -1.1 -2.43 3.81 6.86 2.08 -7.2 3.25 -9.57 8.22 -2.05 -0.04 1.7 0.56 4.06 8.43 -5.59 -6.51 -9.1 0.63 
9.77 2.62 -9.0 -2.58 -9.33 3.36 9.47 9.43 6.58 7.97 1.55 1.96 5.96 -9.82 -4.25 -9.33 8.51 8.73 -0.25 -6.82 -4.03 3.34 -2.66 -2.5 -6.42 0.11 6.89 4.37 8.66 -2.45 2.56 -7.13 -0.97 -8.8 8.95 3.85 -8.8 -0.32 -3.84 -7.47 -1.57 4.86 7.06 2.07 -5.37 -6.98 -6.08 9.56 0.09 -5.83 -1.53 -9.74 6.72 -6.16 -2.95 -8.07 7.68 -4.76 
1.09 -9.69 7.93 7.24 4.9 -2.37 1.59 -8.22 -2.65 9.89 -9.26 3.6 -8.58 -4.02 5.5 -5.27 9.99 -3.17 -0.23 -9.65 -4.21 -8.86 1.1 2.06 6.87 4.91 -9.02 5.87 -2.12 -9.9 4.16 -2.35 2.04 5.61 5.37 -6.33 -4.48 3.37 -1.21 7.0 -3.58 -3.76 6.34 -0.74 4.53 4.21 1.05 -8.18 4.41 -5.55 5.18 5.96 -0.14 -8.0 -2.42 5.22 1.41 
-9.44 -5.6 9.51 7.12 5.78 -7.02 2.15 9.58 -0.18 5.62 8.52 9.21 1.26 -0.03 6.23 -6.74 7.37 -1.12 5.7 2.21 -4.84 2.85 8.45 -3.07 4.63 -6.28 -0.59 2.78 -3.2 6.23 -7.36 3.75 -5.72 -7.87 -5.7 2.24 -4.15 3.02 -4.78 8.98 0.03 -0.04 -9.7 -5.33 3.13 -8.92 -8.69 7.71 4.96 3.34 0.2 -5.91 1.23 -1.74 1.66 -9.91 
-6.48 9.75 -9.59 9.65 -0.25 0.7 -1.47 -5.64 -7.56 -4.93 -3.13 -7.34 -4.36 -0.41 -9.02 -0.6 -3.8 7.07 -3.05 -6.42 0.59 -6.67 8.84 8.55 0.94 -4.6 -5.84 -3.15 2.43 -9.98 9.49 2.54 -0.27 0.93 -2.85 0.59 0.31 -9.5 9.69 1.81 -3.8 -1.75 -9.26 -0.6 7.52 -3.35 8.99 4.07 6.37 -1.4 2.96 2.48 -1.02 2.16 -9.52 
0.23 8.64 -3.41 4.19 -2.03 -3.71 0.51 -5.69 1.43 4.56 -3.4 2.71 -9.98 6.62 -6.71 9.6 6.4 -1.99 1.52 -4.48 -9.13 2.71 -3.43 1.72 -5.24 1.87 -4.8 -4.28 0.9 9.47 1.1 0.77 -3.03 6.11 -1.15 4.99 6.77 5.12 8.01 -1.14 6.88 -9.17 4.84 -8.81 7.08 -1.74 -9.81 -8.18 -1.16 3.38 7.71 -1.97 -3.86 6.32 
-6.03 7.66 0.06 5.57 6.28 -9.77 -7.86 0.64 -0.2 -7.37 1.55 -5.87 -9.35 0.89 -4.35 5.33 2.22 -4.16 3.57 3.81 6.97 -0.23 -4.47 -8.17 6.46 -3.37 1.0 0.09 -9.57 7.14 6.16 5.23 -8.79 4.6 1.31 1.54 -7.55 5.9 -8.12 -0.9 7.53 4.93 -5.42 -9.89 -2.6 -7.63 -7.93 -1.97 -6.11 3.46 -8.99 -4.94 4.45 
-9.4 -6.72 3.52 -6.29 -3.38 -6.33 6.95 -9.32 -1.19 4.59 2.06 -4.62 0.96 -5.37 6.02 2.45 -3.95 8.23 -2.43 -2.83 6.04 9.18 6.43 9.31 -3.39 9.74 -0.16 9.42 -5.45 1.32 -9.36 7.13 6.89 7.89 -5.6 -4.67 -8.82 -4.24 3.18 -1.49 8.09 4.91 4.33 0.62 9.6 -5.54 3.3 -3.3 7.23 8.12 -9.05 4.87 
6.44 0.84 2.12 1.5 -6.89 -8.53 -5.99 -6.6 8.06 -1.47 -4.78 0.42 7.89 4.04 -1.99 -3.95 -8.6 -0.4 -2.96 -2.09 8.43 6.53 6.68 -3.48 -6.84 -5.25 -0.54 6.44 6.87 -7.04 0.17 -9.57 -2.87 3.19 -1.42 2.76 -0.48 6.79 7.71 3.89 -1.47 -1.47 0.28 -9.05 8.53 -7.63 -7.46 8.16 9.3 8.49 1.68 
-3.05 -5.57 2.23 8.81 -2.9 -7.33 1.83 -4.15 5.6 -9.84 4.54 -3.12 5.5 -2.04 10.0 3.16 -6.51 -3.52 0.32 8.3 -8.04 -6.59 -3.76 5.48 -5.26 -9.02 -4.18 -3.41 0.27 6.07 -0.87 8.75 -9.54 -1.32 -8.52 -5.69 -8.05 6.32 -2.13 3.75 9.85 -7.24 5.7 -9.02 -2.65 -7.13 2.01 4.0 1.13 8.59 
0.98 4.27 7.14 -6.54 -0.44 5.48 5.4 1.53 6.76 -1.33 9.78 -6.16 -1.66 -9.38 -1.1 7.67 1.47 -5.21 -3.92 -7.93 -0.77 -5.16 -6.14 5.52 -7.47 -2.04 -1.42 5.96 -5.25 8.37 -4.16 -3.78 -2.82 -2.27 -6.83 8.73 -3.36 8.75 9.78 6.13 -3.47 4.3 5.83 7.78 -6.21 7.72 -2.32 5.62 -1.97 
7.15 -9.85 -5.47 8.37 -6.7 -7.12 8.92 0.91 -6.39 8.42 0.67 4.8 4.72 -1.84 9.57 -4.73 3.26 -5.55 7.85 -6.67 5.84 -2.81 -2.33 3.71 -7.88 -1.6 -5.02 8.41 -4.1 -1.3 8.1 0.41 3.31 -8.1 -5.88 2.8 1.73 8.79 -1.35 8.25 -1.51 9.13 9.59 -7.81 -4.56 -6.06 -7.07 -5.85 
-2.09 -5.45 6.73 -1.71 -9.77 3.87 -3.35 4.21 -8.91 9.52 -2.83 -4.29 1.87 -7.25 5.94 4.73 4.88 8.91 -9.86 -0.12 -8.28 8.1 4.71 -7.39 9.12 -5.19 0.43 -3.28 7.48 5.05 0.67 4.58 -8.43 -4.43 -5.34 1.53 -1.84 -0.47 -5.48 -9.73 8.37 1.17 3.0 2.47 -7.82 -3.77 9.03 
-1.47 8.86 -5.26 1.07 -1.91 1.93 0.33 -3.63 -6.23 4.63 3.15 0.97 -9.54 -4.23 -9.82 -8.68 5.72 -9.98 -6.39 9.4 7.69 -3.57 -6.59 -4.88 -2.9 -7.2 -4.39 -0.03 -0.54 8.07 -7.38 -7.23 8.07 1.62 -0.15 -7.8 -5.65 -6.86 -7.95 6.73 -6.97 -0.81 7.28 -1.17 -6.55 -5.8 
3.61 -1.05 -1.66 5.55 3.29 3.91 -0.09 5.15 -2.11 -9.43 -8.74 4.5 -3.0 0.59 -4.95 -6.55 -3.57 -2.4 8.49 -3.88 5.07 5.88 -2.42 -0.63 -8.75 5.58 8.67 6.97 -2.47 -1.28 -0.69 2.7 -5.65 0.58 8.55 -5.15 4.69 5.12 -2.15 5.31 4.84 4.79 -1.48 -1.19 -7.24 
1.06 -9.6 -5.01 -7.7 6.17 -4.43 -3.67 9.67 -6.4 -7.89 4.64 -8.8 -3.38 -8.13 -5.54 -7.71 8.53 9.77 -4.77 1.66 2.84 2.89 -0.35 -1.61 2.96 6.15 9.81 7.84 4.88 9.14 -1.46 3.46 -9.88 7.99 4.54 4.8 -9.81 7.38 8.22 6.49 -5.39 -1.67 -8.99 -5.56 
8.89 8.09 -3.79 3.62 -4.34 9.32 7.77 6.79 -7.09 5.0 6.86 2.35 0.51 1.4 -5.57 -8.94 -3.69 -8.14 7.86 -6.44 -5.12 8.5 3.55 -8.08 5.6 8.65 2.18 -0.16 -0.95 7.16 -6.21 7.51 4.49 3.77 6.63 -7.0 0.19 -3.86 0.96 -4.24 -3.11 7.64 -9.49 
0.08 9.03 5.09 2.6 -4.78 -2.56 9.88 -9.41 -2.44 -2.67 -7.99 -7.46 -1.18 -3.61 7.42 -4.58 3.59 1.77 5.63 -8.39 8.69 1.21 -7.64 -6.01 -5.34 -1.58 -3.95 -8.44 -3.83 -3.29 -3.44 7.94 8.37 3.23 5.37 -5.58 7.74 0.79 -2.79 6.02 -9.65 -1.36 
-3.02 3.11 1.73 -1.54 8.31 6.51 1.28 9.65 -2.14 6.16 -2.94 -9.51 -3.47 -0.24 9.08 -0.78 3.91 -2.2 -3.06 -8.77 -4.11 2.07 3.56 -7.31 8.62 -9.17 6.33 -3.53 -3.99 -9.48 -9.56 -4.83 -4.0 -5.36 3.66 -0.65 3.32 -1.65 1.24 0.55 6.44 
7.86 7.02 0.79 -9.03 -1.18 0.61 -5.25 -2.98 0.12 -3.15 6.83 2.77 -2.99 -5.68 -2.15 3.1 -8.06 -3.92 -7.05 2.58 -1.91 2.25 4.62 1.62 -1.26 -4.73 -8.78 -9.48 3.33 8.64 -8.06 4.4 -0.62 -6.68 -6.77 -6.89 -4.2 -9.37 1.4 9.54 
-1.31 -0.61 4.13 8.9 -8.78 -0.97 -9.53 -3.89 1.11 -8.42 -1.85 6.72 4.75 -0.01 -2.16 -5.76 -3.13 2.73 -3.29 -4.84 5.52 -8.04 8.65 1.45 1.48 -9.71 9.82 9.44 -7.98 -9.71 2.76 -4.9 0.97 7.88 -8.63 8.12 -9.84 8.84 4.25 
0.37 -2.16 6.46 2.38 1.31 -8.54 -7.55 -3.95 -6.76 3.25 5.08 0.16 7.95 9.97 1.63 -0.84 -0.66 8.34 -6.64 0.97 -1.97 -8.95 0.69 8.58 6.21 -3.44 -7.21 -7.54 -5.87 8.07 5.0 0.76 6.23 -4.42 -8.13 -8.55 -0.04 -5.12 
3.8 -3.15 -2.88 6.46 7.82 -8.24 -5.55 -1.37 -8.15 0.99 6.42 -2.15 2.86 -0.3 6.44 2.91 -8.93 4.05 3.91 2.99 6.17 -9.7 -0.78 4.33 -8.87 -1.43 -1.21 -1.42 -1.36 9.57 3.88 -9.16 -6.36 -9.91 -3.32 7.85 9.27 
3.68 7.71 -9.68 5.46 7.87 -9.94 -4.6 -1.83 -0.39 1.37 -7.91 -6.92 -9.1 3.75 -5.11 -4.84 -8.96 -5.26 0.85 6.3 7.0 6.07 1.52 -9.76 6.0 -1.52 -2.7 1.47 3.83 -9.58 -6.28 8.55 -9.79 -5.71 -4.23 8.31 
3.39 5.22 8.86 8.24 -1.02 4.57 -9.38 -2.42 -0.23 -1.53 2.93 7.09 3.77 -7.02 0.45 -8.93 -9.04 3.08 4.98 -0.18 -8.49 7.2 3.79 7.06 -7.43 -4.14 1.71 -5.29 -7.8 -7.85 4.35 -8.04 6.31 7.31 -4.45 
7.69 -6.67 4.76 0.61 1.21 2.62 -9.73 -6.03 5.68 0.04 -5.25 0.45 1.31 -8.4 1.32 8.61 -2.64 -7.47 -0.14 -0.06 4.4 -9.88 4.85 -2.5 0.97 4.41 3.3 -3.34 2.79 -4.15 -9.31 4.76 -5.69 -2.89 
-2.97 -9.41 -2.94 -2.06 4.01 5.37 3.38 4.08 -6.48 9.67 -5.5 -8.12 -9.35 -4.64 -1.29 4.84 6.53 3.22 -1.75 3.81 2.45 2.48 3.41 -8.63 -8.14 9.37 -9.33 -6.99 6.22 -8.67 -8.69 -7.13 -9.09 
-1.01 2.29 5.17 -8.25 4.26 -8.33 -0.66 3.19 4.29 3.37 -6.0 -7.7 -8.88 -9.92 -6.27 8.93 1.97 8.03 -8.49 -4.23 2.98 0.17 -0.52 9.94 0.26 9.08 1.24 0.34 5.13 -4.1 -2.24 -3.96 
1.76 -4.23 -1.89 -0.08 5.81 -8.87 -4.96 2.07 -9.79 -4.86 -2.58 -5.83 -6.55 -0.96 0.56 8.96 -7.51 0.35 -4.3 -7.54 4.6 -8.88 4.59 9.34 7.99 -6.07 1.61 0.05 -4.43 -3.07 5.76 
-5.71 -9.19 -4.53 4.12 3.13 1.23 6.47 -9.62 -2.06 -0.11 5.25 3.05 -3.75 7.03 3.5 -1.44 8.06 -7.63 4.56 2.91 2.72 4.41 -7.92 -7.94 -3.44 1.09 -4.36 5.69 -3.33 1.32 
6.26 1.52 -9.03 3.39 -5.71 -6.6 -2.16 -0.4 1.24 3.08 3.18 8.95 -2.51 -2.26 -9.42 -9.06 6.12 -5.98 6.92 -4.57 -3.82 9.21 8.83 3.08 8.26 -1.35 7.26 1.29 6.52 
6.34 1.33 0.41 -4.93 -3.06 -4.37 -1.94 -3.89 9.84 -4.64 5.87 -8.48 -8.28 4.32 8.71 5.06 -8.59 -9.52 -8.06 2.13 2.22 -0.72 0.36 9.86 -0.37 -7.37 3.9 6.66 
-6.04 -5.96 -9.6 -9.86 7.93 6.23 -4.76 9.75 4.22 -3.91 5.93 -4.66 3.34 5.82 0.67 2.01 -6.67 2.04 8.12 5.64 -5.67 -7.03 -2.39 8.63 4.25 2.61 1.54 
-3.59 1.5 2.36 -1.37 6.49 -6.68 5.9 -8.55 -0.59 9.81 1.33 6.16 5.83 3.17 1.69 -3.52 3.52 -9.04 -3.76 -8.0 -7.75 3.72 -6.63 -7.98 -7.51 -8.81 
8.64 -0.81 1.61 3.28 8.87 -1.85 -9.26 -8.68 7.53 4.46 7.28 6.25 -2.19 0.73 1.88 -2.01 -3.88 3.7 -2.31 4.25 5.8 2.13 -2.47 -5.1 -8.41 
-5.28 3.56 9.94 -1.41 5.2 -1.96 -1.17 0.98 2.09 -5.36 2.26 -0.62 9.76 2.43 7.29 -0.67 3.71 -8.15 8.16 -9.98 1.5 -9.1 0.63 8.16 
-4.1 -0.86 6.78 8.07 -6.71 -8.36 4.66 -7.45 3.95 -9.93 3.29 9.18 -9.11 7.6 2.21 -0.65 -4.6 -1.27 -5.23 -5.13 -5.98 -8.45 -3.96 
9.81 9.46 1.29 8.57 -0.2 9.54 3.11 1.55 -0.55 3.09 9.6 5.6 1.4 4.8 -8.73 4.82 5.09 5.98 -2.5 8.41 -7.24 3.42 
-9.94 2.27 -2.25 4.88 -7.62 2.56 -2.59 -6.19 3.76 5.97 -5.4 5.35 5.84 -7.48 -2.32 -5.46 4.27 -9.32 7.11 1.62 -6.3 
-4.42 -6.64 7.4 -6.18 -5.41 -7.31 -8.79 4.5 -1.78 -0.1 3.04 -5.41 -2.81 -0.15 -6.05 1.23 -1.88 -3.94 -5.09 9.73 
-1.82 -6.46 -7.38 5.99 6.86 -8.68 -9.63 -1.65 3.28 3.13 6.31 -5.47 -8.01 7.45 -9.74 6.04 -8.65 7.49 4.52 
-8.4 -6.07 -6.74 -8.02 -7.66 -9.79 0.27 -0.85 -7.26 0.64 2.44 -2.19 3.88 -4.8 -3.9 -3.73 -6.17 -4.65 
0.79 -2.41 1.3 -2.45 2.17 -9.3 6.23 7.96 -9.78 -7.23 -9.2 -5.01 2.16 -4.89 3.62 -4.56 -7.42 
-9.32 5.54 -8.16 -8.39 -5.06 -7.62 7.79 -5.99 -3.07 -2.43 9.04 -0.51 2.71 4.88 6.69 -1.14 
-5.06 -3.57 -5.43 8.9 6.11 7.12 8.07 5.15 -8.16 -6.11 4.03 1.16 9.3 -3.91 -8.54 
5.1 -6.19 -3.91 9.41 4.5 3.22 1.7 3.77 2.34 -9.19 -8.16 -7.63 5.85 -0.03 
-4.67 -0.31 -9.8 -4.02 -2.75 -2.12 -6.41 -5.51 -2.49 -6.09 6.43 3.49 -4.65 
8.51 1.01 -9.72 -9.23 6.4 -1.1 -3.97 -3.85 9.87 5.64 -0.95 3.9 
0.51 -2.82 4.68 -6.91 5.28 4.59 -3.66 7.06 4.73 -3.94 6.39 
-0.57 6.4 -9.44 -1.5 6.69 -2.84 2.83 9.56 -0.77 -9.13 
-7.45 -4.92 2.48 -2.84 6.01 -5.29 -2.13 9.49 4.39 
9.59 2.36 2.56 5.38 9.97 -3.24 -4.08 0.24 
-1.97 5.52 3.57 9.53 6.79 8.98 0.35 
-9.3 -0.36 6.35 -6.94 3.83 -9.54 
-1.99 0.44 6.76 7.27 -9.95 
-1.2 5.22 -6.31 5.76 
9.34 4.31 -8.22 
-0.03 -8.65 
2.89 
