50
41 43 46 46 50 50 44 48 50 45 43 40 46 43 48 47 44 46 48 48 45 49 46 46 43 43 44 45 41 40 49 40 40 48 46 44 41 49 50 40 42 50 46 50 47 44 50 49 44 40 
2 3 4 5 6 7 8 9 10 13 14 15 16 17 18 20 21 22 23 24 25 27 29 30 32 33 34 35 36 37 38 39 40 41 42 43 46 47 48 49 50 
1 2 3 4 5 6 7 8 9 11 13 14 16 17 18 19 20 21 22 23 24 25 26 27 28 29 30 31 32 33 34 35 37 39 40 41 42 43 44 45 46 47 48 
1 2 3 4 5 6 7 8 9 10 11 12 13 14 15 16 17 18 19 20 21 22 23 24 25 27 28 29 30 31 32 34 35 36 38 39 40 41 42 44 45 46 47 48 49 50 
1 3 5 6 7 8 9 10 11 13 14 15 16 17 18 19 20 21 22 23 24 25 26 27 28 29 30 32 33 34 35 36 37 38 39 40 41 42 43 44 45 46 47 48 49 50 
1 2 3 4 5 6 7 8 9 10 11 12 13 14 15 16 17 18 19 20 21 22 23 24 25 26 27 28 29 30 31 32 33 34 35 36 37 38 39 40 41 42 43 44 45 46 47 48 49 50 
1 2 3 4 5 6 7 8 9 10 11 12 13 14 15 16 17 18 19 20 21 22 23 24 25 26 27 28 29 30 31 32 33 34 35 36 37 38 39 40 41 42 43 44 45 46 47 48 49 50 
1 2 3 4 5 6 7 8 9 10 11 12 13 14 15 16 17 18 19 20 21 22 23 25 26 27 29 30 31 33 35 37 38 39 40 41 42 43 44 45 47 48 49 50 
1 2 3 4 5 6 7 8 9 10 12 13 14 15 16 17 18 19 20 22 23 24 25 26 27 28 29 30 31 32 33 34 35 36 37 38 39 40 41 42 43 44 45 46 47 48 49 50 
1 2 3 4 5 6 7 8 9 10 11 12 13 14 15 16 17 18 19 20 21 22 23 24 25 26 27 28 29 30 31 32 33 34 35 36 37 38 39 40 41 42 43 44 45 46 47 48 49 50 
2 3 4 5 6 7 8 9 10 11 12 13 14 15 16 17 18 19 20 22 23 24 25 26 27 28 29 30 31 32 33 34 36 37 39 40 41 42 43 44 45 46 47 48 49 
1 2 5 6 7 8 9 10 11 12 13 14 16 18 19 20 21 22 23 25 26 27 28 29 30 31 32 33 34 35 36 37 38 40 41 42 44 45 46 47 48 49 50 
3 4 5 6 7 8 9 11 13 14 15 16 17 18 20 21 22 23 24 25 26 27 28 29 30 33 34 35 36 38 39 40 41 42 43 45 46 47 48 50 
1 2 3 4 5 6 7 8 9 10 11 12 14 15 16 17 18 19 20 21 22 23 24 25 26 27 28 29 30 31 32 33 34 35 37 38 39 40 42 43 44 45 46 47 48 49 
1 2 3 4 5 6 7 8 9 10 13 14 15 17 19 20 21 22 23 24 25 26 27 28 29 30 31 32 34 35 36 37 38 41 42 43 44 45 46 47 48 49 50 
1 2 3 4 5 6 7 8 9 10 11 12 13 14 15 16 18 19 20 21 22 23 24 25 27 28 29 30 31 32 33 34 35 36 37 38 39 40 41 42 43 44 45 46 47 48 49 50 
1 2 3 4 5 6 7 8 9 10 11 12 13 14 15 16 17 18 19 20 21 22 23 24 25 26 27 28 29 30 31 32 33 34 35 36 37 38 39 40 41 42 43 45 47 48 49 
2 3 4 6 7 8 9 10 11 12 13 15 16 17 18 19 20 22 23 24 25 26 27 28 29 31 32 33 34 35 36 37 38 39 40 41 43 44 45 46 47 48 49 50 
1 2 3 5 6 7 9 10 11 12 13 14 15 16 17 18 19 20 21 22 23 24 26 27 28 29 30 31 32 33 34 35 36 37 38 39 40 41 42 43 44 45 46 47 48 50 
1 2 3 4 5 6 7 9 10 11 12 13 14 15 16 17 18 19 20 21 22 23 24 25 26 27 28 29 30 31 32 33 34 35 36 37 38 39 40 41 42 43 44 46 47 48 49 50 
1 2 3 5 6 7 8 9 10 11 12 13 14 15 16 17 18 19 20 21 22 23 24 25 26 27 28 29 30 31 32 33 34 35 36 37 38 40 41 42 43 44 45 46 47 48 49 50 
1 2 3 4 5 6 7 8 9 10 11 12 13 14 15 16 19 20 22 23 24 25 26 27 28 29 30 31 32 33 34 35 36 37 39 40 41 42 43 45 46 47 48 49 50 
1 2 3 4 5 6 7 8 9 10 11 12 13 14 15 16 17 18 19 20 21 22 23 24 25 26 27 28 29 31 32 33 34 35 36 37 38 39 40 41 42 43 44 45 46 47 48 49 50 
1 2 3 5 6 7 8 10 11 12 13 14 15 16 17 18 20 21 22 23 24 25 26 27 28 29 30 31 32 34 35 36 37 38 39 40 41 42 43 44 45 46 47 48 49 50 
1 2 3 4 5 6 7 8 10 11 13 14 16 17 18 19 20 21 22 23 24 25 26 27 28 30 31 32 33 34 35 36 37 38 39 40 41 42 43 44 45 46 47 48 49 50 
1 2 3 4 5 6 8 9 10 11 14 15 17 18 20 21 22 23 24 25 26 27 28 29 30 31 32 33 34 35 38 39 40 41 42 43 44 45 46 47 48 49 50 
1 2 3 4 5 6 7 8 9 10 11 12 13 14 15 18 19 20 21 22 23 24 25 26 27 28 29 30 31 32 33 35 36 38 40 41 42 44 45 46 47 48 49 
2 3 4 5 7 8 9 10 11 12 13 14 15 16 17 18 19 20 21 23 24 25 27 28 29 30 31 32 33 34 36 37 38 39 40 41 42 43 44 45 46 48 49 50 
2 3 4 5 6 8 9 11 12 13 14 15 16 17 18 19 20 21 22 24 25 27 28 29 30 31 32 33 34 35 36 37 38 39 40 41 42 43 44 45 46 47 48 49 50 
1 2 3 5 6 7 8 9 10 12 13 14 15 16 18 19 20 22 23 24 25 26 27 29 30 32 34 35 36 38 39 40 41 42 44 45 46 47 48 49 50 
2 3 4 5 6 7 8 9 10 11 12 13 14 16 17 19 21 22 24 25 27 30 31 32 33 34 35 36 37 38 39 40 41 42 43 44 46 47 48 49 
1 2 3 4 5 6 7 8 9 10 11 12 13 14 15 16 17 18 19 20 21 22 23 24 25 26 27 28 29 30 31 32 33 34 35 36 37 38 39 40 41 42 43 44 45 46 47 49 50 
2 3 4 5 6 8 9 10 11 12 13 14 15 17 18 19 20 21 22 23 24 25 26 27 28 29 31 32 33 34 36 37 39 41 43 44 46 47 48 49 
1 2 3 5 6 7 8 9 10 12 14 15 16 17 19 21 22 24 26 27 28 29 30 31 32 33 35 36 37 38 39 40 42 43 44 45 46 47 49 50 
1 2 3 4 5 6 7 8 9 10 11 12 13 14 15 17 18 19 20 21 22 23 24 25 26 27 28 29 30 32 33 34 35 36 37 38 39 40 41 42 43 44 45 46 47 48 49 50 
1 3 4 5 6 7 8 9 10 11 12 13 14 15 16 17 18 19 20 21 22 23 24 25 27 29 30 31 32 33 34 35 37 38 39 40 41 42 43 44 45 46 47 48 49 50 
2 3 4 5 6 7 8 9 10 11 13 14 15 16 17 18 19 21 22 23 24 26 27 28 29 30 31 32 33 35 36 38 39 40 41 42 43 44 45 46 47 48 49 50 
2 3 4 6 7 8 9 10 11 12 13 14 15 16 18 20 21 22 24 25 26 27 28 29 30 32 33 34 36 37 38 39 40 41 42 43 44 46 48 49 50 
1 2 3 4 5 6 7 8 9 10 11 12 13 14 15 16 17 18 19 20 21 22 23 24 25 26 27 28 29 30 31 32 33 34 35 36 37 38 39 41 42 43 44 45 46 47 48 49 50 
1 2 3 4 5 6 7 8 9 10 11 12 13 14 15 16 17 18 19 20 21 22 23 24 25 26 27 28 29 30 31 32 33 34 35 36 37 38 39 40 41 42 43 44 45 46 47 48 49 50 
1 2 4 5 7 9 10 11 12 13 14 15 16 17 18 20 21 22 25 26 27 29 30 32 33 34 35 36 37 39 40 41 42 43 45 46 47 48 49 50 
1 2 3 4 6 7 8 9 10 11 12 13 14 15 16 17 18 22 23 25 26 27 30 31 32 33 34 35 36 37 38 40 41 42 43 44 45 46 47 48 49 50 
1 2 3 4 5 6 7 8 9 10 11 12 13 14 15 16 17 18 19 20 21 22 23 24 25 26 27 28 29 30 31 32 33 34 35 36 37 38 39 40 41 42 43 44 45 46 47 48 49 50 
1 2 3 4 5 6 7 8 9 10 11 12 13 14 16 17 18 19 21 22 23 24 25 26 27 28 29 31 32 34 35 36 37 38 39 40 41 42 43 44 45 46 47 48 49 50 
1 2 3 4 5 6 7 8 9 10 11 12 13 14 15 16 17 18 19 20 21 22 23 24 25 26 27 28 29 30 31 32 33 34 35 36 37 38 39 40 41 42 43 44 45 46 47 48 49 50 
1 2 3 4 5 6 8 9 10 11 12 13 14 15 16 17 18 19 20 21 22 23 24 25 26 28 29 31 32 33 34 35 36 37 38 39 40 41 42 43 44 45 46 47 48 49 50 
2 3 4 5 6 7 8 9 10 11 12 13 14 16 17 18 19 20 21 22 23 24 25 26 27 28 30 31 32 33 34 36 37 38 39 41 42 44 45 46 47 48 49 50 
1 2 3 4 5 6 7 8 9 10 11 12 13 14 15 16 17 18 19 20 21 22 23 24 25 26 27 28 29 30 31 32 33 34 35 36 37 38 39 40 41 42 43 44 45 46 47 48 49 50 
1 2 3 4 5 6 7 8 9 10 11 12 13 14 16 17 18 19 20 21 22 23 24 25 26 27 28 29 30 31 32 33 34 35 36 37 38 39 40 41 42 43 44 45 46 47 48 49 50 
1 2 3 4 5 6 7 10 12 13 14 15 16 17 18 19 20 21 22 23 24 25 27 28 30 31 32 33 34 35 36 37 38 39 40 41 42 44 45 46 47 48 49 50 
1 3 4 5 6 7 8 9 10 11 12 13 15 17 18 19 20 21 23 25 26 27 29 30 31 32 33 34 35 38 39 40 41 42 43 45 47 48 49 50 
7.9 4.66 -6.95 2.06 -2.94 3.06 9.82 1.32 4.07 -2.92 7.73 -6.96 8.28 2.64 -8.79 -9.57 2.83 -7.46 -7.84 -9.5 5.16 3.43 8.93 0.43 4.15 -6.32 7.7 -0.89 4.25 2.25 4.67 -6.27 9.39 -9.11 -5.97 9.32 6.5 -6.33 4.1 -2.79 -6.05 3.56 5.13 -5.7 -5.37 4.89 -1.08 7.17 -1.38 3.89 
-7.62 -1.75 1.4 1.21 -7.36 -1.05 -0.39 0.45 -8.84 2.32 9.42 -7.38 4.97 -5.98 -7.17 -4.22 -2.22 -5.93 -1.99 -8.85 0.46 8.92 -0.83 0.5 -9.35 0.63 5.06 -5.62 -7.32 4.73 6.09 -9.7 -7.54 -2.71 -9.35 -2.85 -1.93 -8.07 5.22 -5.76 -0.12 -2.94 1.28 0.5 1.61 -1.16 -0.79 2.11 -7.78 
-9.44 -7.64 2.13 -4.83 0.88 -1.95 1.09 7.32 -3.75 -6.88 -1.53 8.47 6.96 -4.64 -6.81 0.98 0.15 -6.85 4.51 -6.08 5.56 7.81 8.84 -7.31 -0.39 -7.14 2.07 2.57 4.98 -4.04 4.83 -5.95 -5.08 -5.6 3.23 -3.52 -1.23 -5.51 -4.07 7.81 -2.09 -4.02 5.05 -2.14 -3.95 -7.69 -4.47 -4.57 
6.46 5.46 2.18 -9.6 -1.75 7.6 -2.1 9.61 -4.21 -0.35 -8.73 7.14 4.23 -6.26 6.49 -8.24 -4.29 7.09 3.88 -1.6 1.57 -8.8 -3.32 2.29 -0.96 9.46 0.43 4.7 -1.67 -4.23 0.73 -3.44 -6.38 3.17 7.87 -6.4 -3.23 6.11 -7.36 6.58 7.9 9.03 1.82 -5.72 -1.91 6.34 8.98 
-4.67 -3.18 -9.57 0.29 3.7 4.11 3.28 0.41 -1.35 -0.54 -8.73 5.87 -6.66 -8.61 -8.79 -6.3 -4.98 -6.4 -9.22 6.29 -9.05 6.82 9.1 3.94 -3.85 3.06 -4.19 6.97 2.38 -4.03 -5.52 5.14 -8.66 -8.57 -1.41 8.71 8.83 -5.57 -9.47 -3.38 -2.46 -2.18 4.52 9.61 -2.31 -4.2 
6.66 1.7 8.42 -7.2 7.44 -1.77 -3.14 -3.59 -9.33 -6.46 1.79 -7.36 0.21 -4.1 2.17 7.47 -5.36 -3.65 -0.64 -4.67 -5.48 -9.49 0.36 9.71 -6.08 -2.15 2.44 8.68 -6.55 7.21 9.48 4.6 0.4 3.99 7.7 -8.47 -2.74 8.08 -2.45 -0.79 0.02 1.98 3.94 -2.65 8.43 
-4.91 -2.31 -5.24 -0.19 -1.07 -4.38 1.02 -8.11 -4.45 -3.5 7.71 -6.39 8.49 6.68 -6.33 2.77 -6.43 4.06 -4.6 8.44 8.96 -0.36 -1.28 -6.13 -7.38 -6.65 6.32 3.36 8.28 -7.54 8.73 -6.63 -7.51 -2.89 1.92 -1.48 -8.02 -4.78 -2.44 6.86 4.63 2.68 -9.84 3.95 
8.03 -5.29 7.8 1.92 -2.52 4.39 -1.94 -0.62 1.67 3.32 -7.11 -1.21 0.31 -4.03 -4.32 -5.1 4.46 3.44 -9.35 -3.89 5.09 -2.71 7.22 6.79 7.98 -4.11 3.31 -7.63 -9.8 -1.54 1.19 9.39 -2.42 5.6 -5.26 5.92 -8.01 -2.48 -9.76 5.79 -2.11 3.42 5.5 
-7.25 6.5 1.85 -9.6 -9.28 -7.31 -0.37 -0.37 8.23 4.89 -5.75 -3.38 2.62 6.7 -9.34 -7.93 -7.5 3.82 8.8 1.1 5.44 9.67 3.59 -5.72 8.64 -7.66 5.58 -1.27 -0.65 -6.74 -0.8 -6.01 1.59 -7.87 2.26 -6.15 -0.53 8.4 -9.54 0.01 -9.34 8.42 
9.71 9.4 8.61 -1.9 -7.08 8.44 6.46 5.41 -6.72 3.52 6.86 0.45 -2.02 -4.77 -0.77 6.01 5.3 -8.03 4.71 -5.53 -9.22 4.83 -6.43 9.89 2.63 9.11 9.16 1.65 2.55 -4.09 2.16 -9.28 8.29 3.36 2.5 -1.15 1.71 0.19 -5.33 6.01 -9.39 
9.89 9.16 -7.84 -7.73 1.77 -1.33 7.68 -5.68 -9.39 -5.94 5.62 -4.3 -0.53 5.96 1.2 0.73 -2.47 8.6 5.04 6.84 -3.81 6.02 1.07 -1.78 -4.24 1.87 4.88 0.49 1.59 1.99 6.71 5.83 -5.67 8.62 -8.03 -8.04 -6.17 5.43 -1.7 -4.46 
-5.52 9.83 5.71 -5.67 6.59 -6.09 5.64 1.87 5.23 -4.81 2.66 -7.95 -2.75 -2.77 -3.46 1.83 -3.21 0.56 4.81 -5.12 3.21 -1.14 -1.58 0.35 -4.87 6.65 9.34 -2.86 7.33 -0.89 -5.9 -3.4 1.12 -4.53 4.0 1.04 -8.31 6.9 7.21 
-0.34 6.41 1.04 1.61 4.48 0.15 1.05 -5.49 5.7 6.73 6.44 7.72 4.59 9.33 7.08 -2.45 2.09 -5.32 -2.27 -0.47 -3.23 0.47 -5.87 0.96 5.05 4.65 -9.19 9.31 -4.07 -9.44 -8.4 -2.17 9.75 -0.08 2.17 -5.67 1.54 -3.98 
8.7 -8.9 1.87 4.72 -2.89 7.09 1.05 -5.96 -4.37 -9.47 -4.08 -6.82 -4.76 -0.59 6.37 4.26 -8.52 -3.15 -2.67 7.2 2.15 -8.56 -4.65 -1.29 -6.6 -0.44 -6.36 5.39 1.67 0.62 6.61 -2.32 -9.88 1.5 5.71 8.45 3.44 
2.52 5.48 -9.91 7.65 3.01 -3.14 -8.43 -1.18 -8.47 2.75 3.34 8.43 -4.23 1.22 0.27 8.72 -5.56 3.7 7.32 -8.59 -1.83 0.92 7.68 2.46 3.63 4.0 -9.48 -8.9 -0.47 6.78 -5.03 6.81 -2.57 -8.46 6.92 0.34 
0.86 -6.15 2.26 -7.29 7.1 7.77 -9.68 -3.71 7.2 -8.28 6.08 -3.64 6.42 8.93 -0.22 -6.5 -5.75 6.61 2.3 4.08 5.92 2.63 7.65 -2.69 -3.54 8.2 3.21 -2.78 -2.95 4.97 -7.79 -7.83 7.85 5.59 3.12 
9.62 2.11 -3.64 -5.59 -1.03 2.24 3.58 7.62 9.67 1.05 7.64 -0.73 -6.38 3.45 1.27 2.45 -4.22 6.23 7.63 -5.42 -3.44 -5.98 8.69 -5.84 9.35 -5.69 6.85 -0.59 5.94 9.15 4.07 -5.43 5.21 -2.09 
8.18 -6.8 -1.16 -3.4 -8.9 6.5 7.56 6.67 -3.72 -1.6 -2.79 5.99 8.35 7.42 9.14 -7.33 -5.83 -2.64 -5.17 -2.14 -3.49 -7.63 -1.99 -8.59 -4.6 -0.51 1.32 -8.93 -9.87 1.7 -1.67 7.04 -1.3 
-2.41 -9.45 -3.6 0.72 -8.5 -0.64 -6.68 -4.72 -9.83 -0.37 -6.15 8.75 -7.2 -8.71 5.11 0.4 5.21 5.77 -9.48 2.52 3.08 3.29 0.8 -3.48 4.08 -4.27 -2.97 1.75 2.98 5.3 8.04 -9.14 
8.3 -7.98 8.21 2.76 -8.03 9.25 -9.45 3.63 4.07 -5.09 4.64 -6.33 -6.0 -9.56 2.76 -8.18 -3.42 -7.03 -1.84 1.31 -2.99 1.65 -3.2 -8.22 -3.77 5.69 6.83 -2.41 8.32 -2.5 -3.95 
0.82 -4.06 4.19 -9.45 -7.99 -9.57 -5.88 -4.9 0.24 7.8 -7.53 -2.07 -2.5 -3.0 2.36 8.28 3.13 1.45 -3.01 -3.51 8.92 7.95 9.96 -3.11 -0.51 -4.2 1.45 3.23 3.6 -8.59 
-9.36 5.63 -3.33 3.51 1.94 1.04 -9.46 0.32 2.02 7.33 -8.95 4.23 1.78 4.2 -6.06 -5.41 -9.26 -8.45 8.03 -3.43 -4.49 4.1 9.85 7.28 -1.09 5.61 -4.49 6.99 9.86 
0.92 -4.58 -5.53 -9.27 -0.07 -7.93 -8.39 -2.85 4.46 -6.66 -9.71 -7.62 -9.21 7.58 9.56 -1.3 -3.36 -4.39 1.82 -0.27 4.28 6.61 -2.16 3.72 4.56 -6.22 3.21 -1.58 
-1.29 -0.4 4.01 -3.25 -8.11 -4.4 4.58 1.48 0.87 4.46 -9.61 4.33 4.13 -8.7 4.2 0.28 2.83 7.61 -3.81 0.25 6.12 3.92 9.69 7.3 2.54 3.02 3.42 
1.12 -1.45 -8.07 -7.25 -9.93 -5.18 -2.16 9.83 2.99 5.34 -7.94 -3.76 0.0 -1.82 4.78 1.13 8.69 -3.83 -9.09 4.59 -4.89 -1.55 -6.79 -2.4 -5.34 6.91 
-2.91 -6.56 -7.13 4.59 7.07 3.9 1.52 8.53 -0.59 3.76 4.18 -3.24 6.82 0.69 -3.58 -8.53 7.92 -4.14 8.02 -7.33 9.38 -1.4 -5.67 7.04 8.8 
-7.69 6.72 6.65 -6.99 1.87 4.02 -4.59 5.79 -6.02 -7.31 7.46 4.07 -5.42 0.13 4.36 1.3 -4.57 0.08 1.68 -9.67 6.89 -2.76 3.97 4.41 
5.73 -3.37 6.7 -1.04 -8.95 -6.05 2.27 -9.14 -0.4 -9.83 4.3 -1.85 -2.6 -8.04 -8.32 9.14 -9.75 -6.81 -5.26 4.8 -0.16 1.86 8.92 
4.19 3.43 3.36 0.52 -3.52 5.64 -0.53 -0.98 -0.96 -6.3 -3.35 -4.88 1.74 -0.81 7.87 0.0 -5.21 4.63 -1.17 2.07 -7.69 0.72 
1.06 0.61 1.26 -4.97 8.27 7.56 -9.17 6.49 -7.56 9.77 -6.02 -9.64 3.04 4.64 -5.56 -7.84 4.35 1.12 -3.44 -4.26 -3.58 
7.0 -3.55 1.31 -3.53 1.2 -8.36 4.3 -2.3 -5.83 7.61 -2.89 -5.4 5.5 7.28 -7.53 3.2 0.49 -6.19 -3.04 2.96 
3.07 1.7 -9.26 2.84 -6.52 -8.82 -6.58 2.02 1.63 -0.19 7.59 -5.77 -6.28 4.1 1.46 -6.19 -1.52 0.4 5.76 
-3.91 -2.92 8.58 -8.43 7.52 0.55 -1.56 1.06 3.43 -2.44 -6.35 -6.72 3.37 -2.36 5.38 -3.01 -5.53 1.1 
-3.53 7.36 -4.5 -5.39 8.79 -2.53 -4.14 -5.72 5.07 -0.61 -4.75 7.04 8.02 6.8 1.17 5.52 -4.23 
-8.61 3.32 -5.7 2.25 4.13 8.41 6.84 -9.07 7.46 4.86 -7.49 -9.92 -5.62 -5.43 -4.92 -4.5 
6.28 -2.33 3.81 1.3 0.38 -0.05 7.23 5.83 6.07 7.93 3.99 8.02 -8.69 1.07 7.35 
-4.02 -1.89 4.48 -2.11 9.45 -4.23 0.33 -2.5 1.75 2.69 7.73 -3.85 -8.4 9.99 
-8.93 2.61 -5.45 -9.94 -8.28 -0.09 -9.65 -1.94 -7.66 -5.94 7.87 -0.62 -9.77 
-5.55 -8.05 -9.17 8.0 -8.63 -6.51 -1.58 -0.16 2.03 -4.71 -7.66 -9.03 
-2.49 6.36 1.33 -0.82 4.68 -6.27 2.32 7.19 9.98 -6.53 1.48 
3.22 6.94 -3.17 6.43 7.38 1.51 -7.15 6.61 -9.75 1.53 
9.22 -2.73 -4.53 -0.84 7.06 -8.99 5.75 6.56 2.84 
8.65 0.95 5.06 6.89 -7.95 -5.2 -0.6 5.01 
-0.67 -4.32 3.31 5.05 3.65 -2.87 -2.61 
3.2 0.93 -5.51 7.75 1.16 4.93 
6.89 -1.78 -3.46 -6.69 -2.64 
7.58 -3.4 8.18 -0.88 
-0.25 6.85 1.2 
-1.65 2.33 
-4.64 
