25
16 16 25 21 14 10 22 3 8 2 4 25 22 22 23 1 17 5 14 9 10 3 17 3 2 
1 3 4 5 8 9 10 11 12 15 18 19 20 22 23 25 
1 3 4 5 6 8 9 11 15 17 18 19 20 21 24 25 
1 2 3 4 5 6 7 8 9 10 11 12 13 14 15 16 17 18 19 20 21 22 23 24 25 
2 3 4 5 6 7 8 10 11 12 13 14 15 18 19 20 21 22 23 24 25 
2 3 4 6 7 9 13 16 19 20 21 22 23 25 
3 5 7 8 9 17 18 20 22 25 
1 2 3 5 6 7 8 9 10 11 12 13 15 16 17 18 19 20 21 22 23 24 
17 6 15 
1 3 8 11 13 14 15 16 
2 15 
8 18 5 7 
1 2 3 4 5 6 7 8 9 10 11 12 13 14 15 16 17 18 19 20 21 22 23 24 25 
1 2 3 4 5 7 9 10 11 12 13 15 16 17 18 19 20 21 22 23 24 25 
1 2 3 4 7 8 9 10 11 12 13 14 15 17 18 19 20 21 22 23 24 25 
1 2 4 5 6 7 8 9 10 11 12 13 14 15 16 17 18 19 20 21 22 23 25 
25 
1 3 6 7 8 9 11 12 13 16 17 18 19 20 22 23 24 
10 15 19 23 24 
1 2 4 5 7 8 12 14 16 18 20 22 23 25 
1 2 4 6 10 14 22 23 25 
5 6 7 9 11 12 18 20 22 25 
21 4 13 
2 3 6 8 9 11 12 14 16 17 18 19 20 21 22 23 24 
24 19 11 
16 24 
2.92 -2.76 -8.66 8.61 1.91 3.6 -8.18 -2.82 4.43 -0.1 2.07 -3.65 9.73 -9.46 6.05 3.01 5.5 7.65 9.25 -2.9 1.77 1.32 -4.2 0.29 2.71 
7.78 7.64 -9.37 -5.31 -7.17 9.28 4.35 4.63 -6.61 -8.06 -2.94 1.68 -7.19 -4.29 2.75 9.04 1.77 9.51 -5.33 -0.63 -7.48 -9.62 -7.82 -1.18 
6.98 -8.7 -8.47 -8.2 3.27 5.29 -2.46 9.58 0.4 -8.16 -4.42 -0.87 -4.49 -7.89 5.96 -4.51 -9.45 5.28 2.01 8.76 -9.46 4.48 -6.47 
1.88 4.55 1.61 -9.17 -6.37 4.85 -6.65 1.08 1.05 7.24 -3.46 1.25 -2.1 -6.54 5.51 -8.09 1.32 3.05 -3.93 3.02 8.52 4.74 
7.43 -7.55 3.52 -0.01 -7.65 5.61 8.5 -9.65 4.94 4.42 -3.06 5.18 8.17 -8.49 1.85 -5.16 2.8 -0.81 0.69 2.95 1.29 
9.43 -5.37 1.34 0.26 -6.89 -5.89 -8.41 -3.8 4.14 2.49 5.55 -0.15 -6.45 4.35 4.08 -6.02 6.94 7.46 2.69 1.83 
-8.66 7.46 7.84 -4.13 6.49 -7.68 2.69 7.26 7.09 -5.89 0.64 -6.59 -5.45 3.89 -3.52 -3.91 2.94 8.92 3.21 
1.93 -3.04 2.28 4.22 0.53 1.23 -3.25 3.49 9.25 6.72 7.68 4.61 8.56 -3.03 -0.47 -9.24 8.71 9.6 
-6.17 0.48 -4.75 -6.65 8.19 -9.1 2.5 4.6 9.23 -5.89 9.45 -2.68 4.16 -0.24 -2.75 9.61 -3.1 
-3.11 -8.14 -6.05 2.33 -4.45 -1.39 0.48 -7.37 9.59 8.48 -0.41 -4.78 -9.77 7.43 1.23 -1.06 
6.71 9.54 7.19 -9.52 -2.51 -8.49 -7.22 4.55 0.82 9.84 -1.65 -6.95 -4.72 9.76 4.37 
-1.96 -3.84 -3.62 -0.14 -7.26 -0.37 8.99 8.32 -2.0 7.86 7.42 -7.98 9.96 1.11 
6.3 3.32 -4.84 6.21 -3.99 7.78 5.49 -8.23 3.65 -6.11 -7.53 0.98 8.89 
-1.49 8.58 8.21 3.08 -7.85 9.44 4.2 7.22 -7.29 1.22 1.72 8.68 
3.08 -8.05 1.61 -1.01 1.84 1.89 -2.54 -4.97 0.55 -8.43 -8.42 
8.21 -5.08 3.56 9.17 5.83 0.75 -2.07 4.48 2.83 -7.2 
9.71 -7.54 -8.08 4.08 9.25 0.39 -4.49 1.02 -8.72 
-4.93 0.31 1.03 1.63 -2.39 -5.14 -0.76 -1.82 
-7.37 -8.57 -2.31 -4.51 6.41 -9.68 3.42 
3.39 6.72 -4.77 2.79 1.13 -3.15 
4.29 -2.72 -4.8 -1.18 3.91 
-7.59 6.45 -7.69 -9.13 
5.36 -3.57 3.07 
8.55 2.89 
-8.76 
