100
24 42 83 68 42 39 16 13 96 82 36 3 53 72 69 35 8 69 10 10 14 85 65 32 11 100 55 31 13 31 44 74 47 53 66 53 16 21 59 75 70 17 4 22 30 67 94 47 70 89 79 90 61 10 76 27 40 17 36 8 52 80 22 77 26 43 39 29 63 98 94 32 54 68 6 88 47 45 92 24 81 46 14 25 100 94 29 46 80 94 26 8 40 44 41 54 45 92 8 48 
7 9 10 17 18 19 22 26 27 29 35 45 55 59 68 69 71 72 75 81 90 96 99 100 
6 7 9 10 12 13 16 17 20 21 25 26 28 36 37 40 41 42 44 50 52 55 58 59 63 69 70 71 73 74 75 76 81 86 89 91 92 95 96 97 99 100 
1 2 3 4 5 6 7 8 9 11 12 13 14 15 16 17 19 21 22 23 24 25 27 28 29 30 34 35 36 37 38 39 40 41 42 43 44 46 48 49 50 51 52 53 54 55 56 57 58 59 60 61 62 63 64 66 67 69 71 72 73 74 75 76 77 78 79 80 81 82 83 84 85 86 87 89 92 93 94 96 97 99 100 
1 2 3 5 6 7 9 10 11 13 14 16 17 18 19 20 21 25 26 28 30 31 33 34 35 36 37 39 40 42 43 44 45 47 50 51 52 56 58 62 63 66 67 68 69 70 71 74 75 76 78 79 80 81 82 83 84 85 87 88 89 90 92 95 96 97 98 99 
2 6 10 11 13 16 17 23 24 26 28 29 31 33 34 36 37 38 40 42 43 46 51 53 54 58 59 64 65 66 67 69 71 74 75 79 80 89 91 93 96 98 
1 5 7 8 10 12 14 15 20 21 22 23 33 38 40 41 45 47 48 53 55 56 60 61 62 69 71 73 76 78 79 81 82 84 85 94 96 98 99 
97 33 67 100 3 72 17 18 52 85 21 24 57 56 60 61 
32 33 66 4 9 10 41 15 18 20 55 29 62 
1 2 3 4 5 6 7 8 9 10 11 12 13 14 16 17 18 20 21 22 23 24 25 26 27 28 29 30 31 32 33 34 35 36 37 38 39 40 41 42 43 44 45 46 47 48 49 50 51 52 53 54 55 56 57 58 59 60 61 62 63 64 65 66 67 68 69 70 71 72 73 74 75 76 77 78 79 80 81 82 83 84 85 87 88 89 90 91 92 93 94 95 96 97 98 99 
1 2 3 4 5 6 7 8 9 11 13 14 15 16 17 18 19 20 21 23 25 26 27 28 29 30 31 32 34 35 36 37 38 40 41 42 43 45 47 49 50 51 52 53 54 56 57 59 61 62 63 64 67 68 69 70 71 72 73 74 76 77 78 79 80 81 82 83 85 87 88 90 91 92 93 94 95 96 97 98 99 100 
2 6 9 10 11 12 14 16 22 25 29 30 32 35 37 38 40 41 45 49 54 60 66 71 74 75 76 82 83 84 87 89 91 93 96 97 
65 81 67 
1 3 4 6 7 10 14 15 16 18 20 22 25 27 30 34 35 39 41 43 44 47 48 49 50 53 55 57 58 59 61 62 66 67 68 69 71 72 73 74 77 78 79 85 87 88 90 91 93 94 96 99 100 
1 2 3 5 6 7 9 11 12 13 14 15 16 17 19 20 21 22 23 24 25 28 29 30 31 32 33 37 38 39 41 42 44 45 46 47 49 50 52 53 54 55 56 58 59 60 61 62 65 66 67 68 70 71 72 73 74 76 77 78 79 80 81 84 85 86 89 91 93 94 95 97 
2 3 4 6 8 9 11 12 13 14 15 16 17 18 20 22 24 25 26 28 31 32 33 35 36 37 38 44 46 47 48 50 51 53 55 56 57 59 61 62 63 67 68 69 70 71 72 73 74 75 76 77 78 79 81 82 83 84 85 87 88 91 92 93 95 96 97 98 99 
4 5 6 7 11 16 19 25 29 31 33 35 36 40 45 46 49 50 51 53 54 56 58 59 66 67 72 74 76 77 79 82 89 90 95 
2 67 70 45 46 20 22 88 
1 2 3 4 5 6 7 9 10 11 13 14 16 18 19 20 21 22 23 24 25 26 27 28 29 30 31 33 34 36 37 38 39 40 42 43 44 45 46 48 49 50 51 52 53 55 57 65 66 67 71 72 73 76 77 78 79 83 86 89 90 91 92 93 94 97 98 99 100 
7 76 81 82 18 49 86 58 28 95 
97 37 73 9 46 15 50 84 23 56 
98 70 8 73 59 75 45 13 16 81 51 85 27 63 
1 2 3 6 7 8 10 11 12 13 14 15 16 17 18 19 20 21 22 23 24 25 26 27 28 29 30 31 32 34 35 36 37 38 39 40 41 42 43 44 45 46 47 48 50 51 52 53 54 55 56 58 60 62 63 65 66 68 69 70 71 72 73 74 75 76 78 79 80 81 82 84 85 86 89 90 91 93 94 95 96 97 98 99 100 
1 4 5 6 7 8 9 10 11 12 14 15 17 20 21 22 24 25 26 28 30 31 33 34 35 37 38 39 40 41 42 44 46 47 49 51 52 53 54 56 58 60 61 62 64 65 66 67 68 73 75 76 78 80 82 84 85 87 88 90 92 95 97 98 99 
3 4 5 12 15 17 21 32 34 37 39 43 44 47 50 52 53 54 55 56 57 58 64 66 70 71 72 74 82 83 89 100 
64 69 6 71 41 42 21 54 25 57 94 
1 2 3 4 5 6 7 8 9 10 11 12 13 14 15 16 17 18 19 20 21 22 23 24 25 26 27 28 29 30 31 32 33 34 35 36 37 38 39 40 41 42 43 44 45 46 47 48 49 50 51 52 53 54 55 56 57 58 59 60 61 62 63 64 65 66 67 68 69 70 71 72 73 74 75 76 77 78 79 80 81 82 83 84 85 86 87 88 89 90 91 92 93 94 95 96 97 98 99 100 
2 3 4 7 11 12 14 15 16 19 22 24 25 26 27 28 30 32 34 37 40 41 44 46 47 48 50 52 53 55 56 57 58 59 60 61 66 67 68 69 71 72 75 79 83 85 86 89 91 93 94 95 98 99 100 
2 4 14 15 17 20 21 28 30 33 35 42 44 47 59 62 67 68 69 71 73 75 77 78 79 82 83 88 90 99 100 
33 65 7 74 12 44 14 83 20 54 91 60 94 
2 4 7 10 11 13 19 21 23 25 26 30 31 35 49 50 53 59 60 66 67 70 72 73 78 86 88 93 94 98 99 
1 3 5 7 8 11 12 14 16 21 25 26 27 30 31 33 37 43 44 48 50 51 53 54 57 60 63 67 73 75 77 80 81 82 83 85 87 89 91 92 93 94 95 97 
1 2 3 4 6 7 8 9 10 13 14 15 16 18 19 20 21 22 23 24 25 26 27 28 29 30 31 32 35 37 39 40 43 45 46 47 48 50 51 54 55 56 57 60 61 63 64 65 66 67 68 71 72 73 74 75 77 80 81 82 83 86 87 88 90 91 92 93 95 96 97 98 99 100 
1 2 7 8 10 11 12 14 20 25 30 31 32 34 35 36 37 39 41 43 44 45 50 53 55 57 63 66 67 68 73 74 76 77 79 80 84 85 87 88 89 91 92 94 95 97 98 
2 3 4 8 9 10 12 14 16 19 21 22 24 27 29 30 31 33 34 36 39 41 45 46 47 48 52 54 55 57 58 60 61 62 63 64 65 69 70 72 74 77 78 79 83 85 86 88 90 92 97 98 99 
1 2 3 4 5 8 9 10 11 12 14 15 16 17 18 19 20 21 22 24 25 26 28 30 31 32 33 39 40 41 43 46 48 49 50 52 55 56 57 59 60 61 62 64 67 68 69 71 72 73 74 76 79 81 82 83 86 88 89 90 91 92 96 97 98 100 
3 4 6 7 8 9 11 12 13 15 17 19 21 22 25 28 30 34 35 36 37 39 40 44 45 48 50 52 54 57 58 62 64 65 67 68 69 71 73 74 75 76 78 80 81 83 85 89 93 94 96 98 99 
1 33 39 46 78 60 15 92 47 80 21 86 19 89 28 57 
5 11 26 32 38 46 47 54 55 60 62 67 68 72 73 86 89 95 97 99 100 
4 5 6 7 10 11 14 15 20 22 24 27 28 29 30 31 32 33 36 37 39 40 41 43 45 46 47 49 52 54 55 56 57 59 60 61 62 63 64 65 66 68 69 74 75 76 77 82 83 86 87 89 90 91 92 93 96 97 100 
1 2 3 5 6 7 8 9 10 11 12 13 14 15 16 17 20 21 22 24 25 29 31 32 33 34 35 36 38 39 40 41 42 43 44 45 46 49 50 52 53 56 58 59 61 62 63 64 65 66 67 68 69 71 72 73 75 76 79 80 81 82 83 84 86 88 89 90 92 93 94 95 96 98 99 
1 5 7 8 11 12 13 14 15 16 17 19 21 22 23 24 26 31 32 34 35 38 41 42 43 45 46 48 49 50 51 52 53 54 55 56 57 59 60 63 64 66 67 68 69 70 71 72 73 75 77 78 79 80 81 83 85 86 87 88 89 91 92 93 94 96 97 98 99 100 
64 97 34 67 37 70 40 46 15 48 17 20 56 94 58 92 62 
65 83 35 55 
1 4 5 8 21 23 27 29 35 39 40 42 44 46 49 57 61 74 77 78 86 87 
2 3 9 13 14 15 22 25 26 28 29 32 34 36 40 42 47 55 60 72 73 76 77 78 83 85 88 89 96 97 
1 3 4 6 7 10 11 12 15 17 18 20 21 23 24 25 27 29 30 31 33 34 37 38 39 40 41 42 43 44 45 46 47 48 49 50 51 53 55 56 60 61 62 63 64 66 69 70 71 72 73 74 75 76 78 79 80 81 84 89 90 93 95 97 98 99 100 
1 2 3 4 5 7 8 9 10 11 12 13 14 16 17 18 19 20 21 22 23 24 25 26 27 28 29 30 31 32 33 34 35 36 37 38 39 40 41 42 43 44 45 46 47 48 49 50 51 52 53 54 55 56 57 58 59 60 61 62 63 64 65 66 67 69 70 71 72 73 74 75 76 77 78 79 80 82 83 84 86 87 88 89 90 91 92 93 94 95 96 97 99 100 
2 5 8 10 12 16 17 19 21 22 26 27 28 29 32 35 39 40 43 47 48 49 50 51 52 55 56 57 63 68 70 72 78 79 80 81 83 85 86 89 90 92 94 95 97 98 100 
1 2 3 4 5 6 8 9 11 12 13 14 18 19 20 23 24 25 26 28 29 30 31 34 36 37 38 40 41 43 47 49 50 51 52 53 54 56 57 58 59 61 62 63 64 65 66 67 69 70 71 72 74 76 78 79 82 84 85 86 87 88 89 90 92 93 95 96 99 100 
2 3 4 5 6 7 8 9 10 12 13 15 16 18 19 20 21 22 23 24 25 26 27 28 29 30 31 32 33 34 35 36 37 38 39 40 41 43 44 46 47 48 49 51 52 53 55 56 57 59 60 61 62 64 65 66 67 68 69 70 71 72 73 74 75 76 77 78 79 80 81 82 83 84 85 86 87 88 90 91 92 93 94 95 96 97 98 99 100 
2 3 4 5 6 7 8 9 10 11 12 13 14 15 16 17 18 20 21 22 23 25 26 27 28 31 32 33 34 36 37 38 39 41 42 43 44 45 46 47 48 49 51 52 53 55 56 57 58 59 61 62 64 65 66 67 68 69 70 71 72 73 74 78 80 81 83 85 86 89 90 91 92 93 94 95 96 97 100 
1 3 4 5 6 7 8 9 10 11 12 13 15 16 17 18 19 20 21 22 23 25 26 27 28 29 31 32 33 34 35 36 37 38 39 41 42 44 45 46 47 48 49 50 52 54 55 56 57 58 59 60 61 62 63 64 65 66 67 68 69 70 71 72 73 74 75 77 78 79 80 81 82 83 84 85 86 87 88 89 90 91 92 93 94 95 96 97 98 99 
3 6 7 9 11 12 13 15 16 18 19 22 24 26 27 28 30 31 34 35 36 37 38 44 45 47 48 50 51 52 54 55 58 60 61 63 64 65 66 68 69 70 71 72 75 77 78 79 80 85 86 87 88 89 90 92 93 94 96 97 98 
34 3 99 69 71 10 43 42 13 17 
1 2 3 6 7 8 11 12 13 14 15 16 17 18 19 20 21 22 23 24 25 26 28 29 31 32 34 35 36 37 40 41 42 43 44 46 47 49 50 51 52 53 54 55 56 57 61 62 64 65 66 67 70 71 72 74 76 77 79 80 81 83 84 86 87 88 89 90 92 93 94 95 96 98 99 100 
6 8 11 16 33 36 39 41 43 46 51 55 64 70 71 75 77 78 79 80 85 88 89 91 92 95 100 
2 5 8 9 10 12 14 19 21 22 23 27 29 31 33 34 36 41 42 46 48 49 51 52 56 60 62 68 70 71 75 79 81 82 84 85 87 88 92 93 
64 32 65 99 68 69 47 17 18 50 20 82 22 55 56 92 62 
2 3 6 8 10 13 16 17 19 20 24 27 28 33 41 44 45 49 57 61 64 65 68 73 76 77 79 80 85 88 91 93 94 95 96 97 
35 100 41 15 49 24 89 56 
1 2 4 9 10 14 16 19 21 23 26 28 29 30 31 33 34 36 37 38 42 44 46 48 49 51 52 53 54 56 58 60 61 63 65 66 68 69 72 76 82 83 84 88 89 92 94 95 96 98 99 100 
1 2 4 5 6 8 10 11 13 14 15 16 18 19 20 21 22 23 24 25 26 27 28 29 30 31 32 34 35 36 38 40 41 42 43 44 45 46 47 48 50 51 52 53 54 55 56 57 58 59 61 62 63 65 66 67 70 71 72 73 74 76 77 78 79 80 81 83 84 87 88 90 92 93 94 95 96 97 99 100 
1 3 6 8 16 18 21 23 24 27 29 34 37 45 47 48 52 63 65 84 88 95 
1 2 3 5 6 7 9 10 11 12 13 14 15 16 17 18 19 20 21 22 23 24 25 26 27 29 30 31 32 33 34 35 36 37 38 39 40 41 42 44 45 46 47 50 52 54 55 59 60 61 63 64 65 66 67 68 69 72 73 74 76 77 80 81 82 83 84 85 86 88 91 92 93 94 95 98 99 
1 4 10 22 24 25 27 30 31 33 40 41 48 49 50 57 60 64 67 71 75 80 84 92 93 97 
1 2 6 10 11 12 13 15 18 19 23 26 30 32 38 39 41 42 43 47 48 49 53 57 60 62 64 68 70 71 72 73 76 80 81 84 87 88 89 93 95 97 100 
3 6 7 8 12 14 15 18 20 24 27 28 29 33 34 38 39 42 43 47 52 59 60 61 63 64 65 70 71 72 74 75 79 82 83 85 91 92 93 
4 6 8 9 12 16 19 25 27 28 35 43 49 51 52 54 55 56 57 60 66 69 76 78 79 83 87 89 96 
2 3 4 6 8 10 11 15 22 23 24 25 27 28 31 32 34 35 36 37 40 42 43 44 45 46 51 52 53 54 58 59 60 61 62 63 64 68 69 74 75 76 77 78 79 80 81 82 83 85 86 87 88 89 90 91 92 93 94 95 96 99 100 
1 2 3 4 5 6 7 8 9 10 11 12 13 14 15 16 17 18 19 20 21 22 23 24 25 26 27 28 29 30 31 32 33 34 35 36 37 38 39 40 41 42 43 44 45 46 47 48 49 50 51 52 53 54 55 56 57 59 61 62 63 64 65 66 67 68 69 70 71 72 73 74 75 76 77 78 79 80 81 82 83 84 85 86 87 88 89 90 91 92 93 94 95 96 97 98 99 100 
1 2 3 4 5 6 7 8 9 10 11 12 13 14 15 16 17 18 19 20 21 22 23 24 25 26 27 28 29 30 31 32 33 34 35 36 37 38 39 40 42 43 44 45 46 47 48 49 50 51 52 53 54 55 56 57 58 59 61 62 63 64 65 66 67 68 70 71 72 73 74 75 76 77 78 79 81 83 84 85 86 87 88 90 91 92 93 94 95 96 97 98 99 100 
6 8 9 10 12 13 17 18 20 26 33 36 37 43 46 51 54 56 59 61 62 69 70 72 74 77 79 87 91 94 97 98 
3 5 6 9 11 14 15 16 17 19 21 22 24 25 27 33 34 35 36 37 38 41 42 43 53 55 56 59 60 61 62 64 65 69 70 71 72 73 76 79 80 82 83 84 85 90 91 92 94 95 96 97 98 99 
1 4 5 7 8 9 10 11 13 15 16 17 18 19 20 22 23 24 26 29 30 31 32 34 35 36 40 41 42 45 46 47 48 49 50 51 53 55 58 59 61 62 63 64 67 68 69 70 71 73 76 77 80 81 82 83 85 86 87 89 90 91 92 93 94 97 99 100 
70 74 17 83 84 87 
1 2 4 5 6 7 8 9 10 11 12 13 14 15 16 17 20 21 23 24 25 27 28 29 30 31 32 34 35 36 37 38 40 41 42 43 44 45 46 47 48 49 50 51 52 53 54 55 56 57 58 59 60 61 62 63 64 65 66 67 68 69 70 72 73 74 75 76 77 78 80 81 82 83 84 86 87 88 89 90 91 92 93 95 96 97 98 100 
2 3 5 11 13 14 16 19 21 23 25 27 28 32 34 35 38 39 40 44 45 46 50 51 52 55 56 60 61 63 64 67 72 74 78 80 81 82 84 86 89 91 93 96 98 99 100 
1 2 3 4 5 7 14 17 19 20 24 25 28 30 31 33 34 35 36 41 42 44 47 48 49 50 51 60 61 65 66 68 69 71 72 74 75 77 81 85 87 91 94 96 98 
1 2 3 4 5 6 7 8 9 10 11 12 14 15 16 18 19 20 21 22 23 24 25 26 27 28 29 30 31 32 33 34 35 37 38 39 40 41 42 43 45 46 47 48 49 50 51 52 53 54 55 56 57 59 60 61 62 63 64 66 67 68 69 70 71 72 73 74 75 76 77 78 79 80 81 82 84 85 86 87 88 89 90 91 92 94 95 96 97 98 99 100 
1 12 17 21 26 28 30 32 37 43 47 48 51 66 67 68 71 75 86 93 94 95 96 98 
1 2 3 4 5 6 7 8 11 12 15 16 17 18 19 20 22 23 24 25 27 28 29 30 31 32 33 35 37 39 40 41 42 43 44 45 47 49 50 53 54 55 56 57 58 60 62 63 64 65 66 67 68 69 70 71 72 74 75 76 78 79 80 81 82 83 84 86 87 88 89 90 91 92 93 94 95 96 98 99 100 
2 4 5 6 8 9 11 12 14 19 20 21 22 23 25 26 28 29 31 36 40 41 44 45 53 54 57 58 59 60 63 65 66 67 71 73 75 79 80 81 84 90 92 93 97 100 
1 56 4 81 50 51 21 54 23 88 89 85 27 86 
1 26 28 31 32 34 37 38 40 45 46 47 48 49 54 59 62 64 66 68 78 79 82 92 96 
1 2 3 4 5 6 7 8 9 10 11 12 13 14 15 16 17 18 19 20 21 22 23 24 25 26 27 28 29 30 31 32 33 34 35 36 37 38 39 40 41 42 43 44 45 46 47 48 49 50 51 52 53 54 55 56 57 58 59 60 61 62 63 64 65 66 67 68 69 70 71 72 73 74 75 76 77 78 79 80 81 82 83 84 85 86 87 88 89 90 91 92 93 94 95 96 97 98 99 100 
1 2 3 4 5 6 7 8 9 10 11 14 15 16 17 18 19 20 21 22 23 25 26 27 28 29 30 31 32 33 34 35 36 38 39 40 41 42 43 44 45 46 47 48 49 50 51 52 53 54 55 56 57 58 59 60 61 62 63 64 65 66 67 68 69 70 71 72 73 74 75 76 77 78 79 80 81 82 83 84 85 86 89 90 91 92 93 94 95 96 97 98 99 100 
6 7 8 14 15 17 33 39 46 47 50 52 56 59 60 61 63 64 66 68 70 71 79 84 87 94 95 96 97 
1 2 3 5 6 7 12 13 18 20 21 22 23 25 28 32 33 34 39 41 42 45 46 49 53 54 56 57 65 71 72 74 80 83 86 87 88 89 90 91 92 94 96 97 98 100 
1 2 3 4 5 7 9 10 11 12 13 14 15 16 17 18 19 20 21 22 23 26 27 28 29 31 33 34 35 36 37 38 41 43 44 45 46 47 48 50 51 52 53 54 55 56 58 60 61 63 64 66 67 68 69 70 71 72 73 74 75 76 77 78 79 80 81 84 85 86 87 88 89 90 91 94 95 96 99 100 
1 2 3 4 5 6 7 8 9 10 11 12 13 14 15 17 18 19 20 21 22 23 24 25 26 27 28 29 30 31 32 34 35 36 37 38 39 40 41 43 44 45 46 47 48 49 50 51 52 53 54 55 56 57 58 59 60 61 62 63 64 65 66 67 68 69 70 71 72 73 74 75 76 77 78 79 80 81 82 83 84 85 86 87 88 89 90 91 93 94 95 96 97 99 
2 11 13 14 17 19 20 25 31 39 42 50 52 60 66 68 69 70 72 74 78 81 89 90 96 99 
65 67 5 43 12 28 29 95 
2 5 6 9 13 14 16 21 23 24 28 29 34 36 37 39 43 45 46 47 48 59 61 63 64 65 67 68 69 71 73 74 75 77 80 81 82 91 95 96 
1 2 5 6 8 9 11 12 14 15 16 21 26 27 28 29 32 33 34 36 37 38 44 46 47 48 51 52 57 58 60 61 66 67 70 74 80 82 84 87 92 93 94 96 
4 9 10 12 16 19 21 22 23 26 27 29 37 40 41 43 44 50 59 61 62 64 66 68 69 73 74 75 81 82 86 87 88 90 91 92 94 95 97 99 100 
1 2 3 4 5 9 10 11 13 17 18 19 20 25 29 30 31 36 37 38 43 44 47 48 49 51 52 53 55 56 57 58 59 60 61 63 64 66 67 70 75 76 81 85 87 88 90 91 94 95 96 97 99 100 
2 5 6 7 10 11 17 29 30 31 34 40 43 45 48 49 50 53 54 55 56 58 63 64 66 67 70 71 72 74 75 77 79 81 83 84 88 89 90 93 94 95 97 98 100 
1 2 3 4 5 7 8 9 10 11 12 13 14 15 16 17 18 19 20 22 23 24 25 26 27 28 29 30 31 32 33 34 35 37 38 39 40 41 42 43 44 45 46 47 48 49 50 51 52 54 55 56 57 58 59 60 62 64 65 66 67 68 69 71 72 73 74 75 76 77 78 79 80 81 82 83 85 86 87 88 89 90 91 92 93 94 95 96 97 98 99 100 
2 6 39 82 56 25 61 30 
1 7 8 9 14 16 17 18 19 20 23 24 25 27 33 34 35 37 38 39 41 42 46 47 48 50 51 53 55 57 61 62 65 66 68 69 71 84 85 87 90 91 92 94 95 96 98 100 
-7.77 3.32 -0.72 0.58 -2.89 -1.29 -4.39 4.28 8.75 0.17 4.12 4.2 9.06 -4.92 -0.61 -6.3 -0.31 -1.0 0.13 -2.85 -2.34 0.78 -6.74 5.75 4.08 -0.15 -0.02 -9.82 -9.02 -3.05 -7.79 6.23 -3.36 8.34 -0.06 8.65 2.57 -3.14 -7.85 -7.71 -3.12 6.49 -3.78 6.06 6.08 4.55 -4.74 0.83 4.7 5.66 -9.69 1.32 5.11 8.83 -0.62 0.13 2.66 -2.07 -6.72 8.93 5.52 1.79 7.57 -0.15 -9.37 -8.88 5.97 -6.28 -6.42 -1.65 0.88 3.94 -3.64 -0.57 0.85 5.06 6.54 -4.56 4.76 7.64 7.65 9.9 -3.13 -8.74 8.2 8.65 -1.97 3.98 8.98 -2.92 -3.81 -3.14 -6.88 9.12 -1.6 4.85 -7.14 9.8 -9.43 -1.49 
-7.9 -7.56 5.32 -3.29 3.44 -5.39 2.67 -8.48 1.41 -3.76 5.81 4.36 2.33 6.91 1.04 -9.83 8.63 -1.96 -2.36 0.61 -9.73 1.88 -8.48 5.89 0.21 -3.81 -7.37 -0.96 9.73 -2.68 -3.27 -0.85 -6.73 0.34 -6.01 -8.82 8.18 9.67 0.49 -5.36 1.04 9.48 3.09 8.31 5.37 -0.89 -4.99 8.62 -3.79 -8.11 -4.53 4.29 1.74 7.28 -9.56 -0.76 1.89 -5.39 9.02 -9.42 6.4 2.06 -3.57 -4.35 6.2 -6.78 3.83 5.15 -8.72 -6.68 8.31 0.08 7.23 -5.07 -1.47 6.07 9.98 -4.83 -8.71 4.89 -9.17 -8.22 1.25 3.74 4.85 6.33 -2.22 -4.59 -0.65 -0.88 6.24 1.53 -2.84 6.23 -9.41 8.28 2.32 -8.17 -2.42 
-9.35 6.65 -8.2 0.23 8.26 2.46 -2.76 6.94 2.38 -8.91 3.41 1.59 -2.42 1.17 7.97 5.77 4.86 0.89 7.89 -5.48 -6.62 3.59 5.09 -6.81 -4.5 6.07 0.87 5.82 -7.57 -0.01 4.83 -6.0 6.04 -7.42 5.39 -3.8 8.86 0.7 -4.98 1.22 3.6 3.23 8.56 0.99 -7.33 8.34 8.61 2.69 -7.46 -0.5 -9.87 7.43 -6.28 -5.92 -3.37 -2.29 9.54 5.61 -6.06 -9.18 4.09 1.1 2.23 9.26 4.93 3.2 4.25 -8.93 -2.88 -4.42 6.43 -4.11 -2.89 1.96 7.42 -4.95 -2.6 -1.93 2.24 -3.6 -8.63 -9.29 -8.17 6.27 8.71 -3.01 -1.72 5.73 -0.99 7.43 1.18 7.1 0.8 2.22 -9.32 -0.21 6.64 7.47 
8.44 4.5 -5.8 3.94 9.35 -9.01 6.28 7.0 3.1 5.51 8.95 9.06 5.07 3.59 -7.12 -9.13 3.96 -4.02 -9.66 -2.43 8.88 -2.42 -2.72 -9.93 2.11 -0.63 4.14 -6.84 3.47 -4.98 -5.73 1.99 2.28 3.11 4.39 -3.99 -7.32 -8.61 -0.47 -7.07 -0.81 5.58 -1.15 -4.5 7.81 0.06 -5.8 -1.58 4.29 -9.84 0.57 -1.73 -3.36 3.01 -9.64 9.96 -8.95 2.81 6.28 0.64 6.38 -7.68 -6.26 5.16 0.05 0.98 -1.31 9.52 -1.69 -2.16 0.84 7.59 9.02 -4.57 -6.17 -0.86 -1.59 4.43 -9.16 -6.63 5.02 7.64 4.46 2.44 6.04 0.73 0.81 6.57 -5.17 6.09 6.04 -9.63 -9.72 -2.04 8.49 7.17 7.07 
2.73 -4.22 2.75 -4.17 3.98 -4.19 1.48 -1.21 -9.31 1.94 -2.93 8.67 5.63 -8.44 -2.82 4.55 -7.31 -8.07 -4.06 -2.81 9.91 9.54 -9.56 -5.76 6.28 -1.14 5.35 -9.57 3.74 5.99 -0.81 5.6 -2.01 3.95 4.49 7.63 1.93 8.25 -3.14 -2.48 9.95 3.53 7.92 2.04 -7.66 3.81 -2.13 -6.35 4.64 8.16 -2.06 0.19 -8.18 2.26 7.88 -5.71 -4.01 8.38 -9.61 3.0 -7.99 -9.51 4.82 -0.12 -9.55 -9.87 2.56 6.05 9.2 -3.15 -1.91 -7.39 2.98 -4.34 5.43 -0.77 0.79 0.61 4.1 -9.31 -5.28 9.47 -0.02 -0.42 -7.72 -7.52 -9.93 -2.74 8.01 6.5 3.77 -9.57 6.84 -4.39 4.42 -4.19 
6.62 -5.58 3.33 -4.03 3.51 -9.82 -6.74 7.04 2.89 7.64 -3.05 -7.35 1.28 2.32 -3.91 -5.47 -0.8 -0.9 8.22 -1.73 -8.93 9.85 0.69 0.39 -8.02 -1.48 3.36 -3.71 -8.41 -0.63 -4.32 6.45 -8.26 5.61 9.43 3.93 -6.97 -9.62 0.15 -9.87 -2.26 1.19 4.89 -3.35 -3.59 -1.96 7.5 7.96 -0.46 7.22 3.47 8.29 6.06 -8.63 -7.47 -7.38 1.48 -1.64 -1.2 0.17 2.05 6.04 -2.47 -1.43 -6.66 -4.49 -3.57 -4.69 1.4 1.2 6.96 2.67 7.48 -0.92 8.41 2.0 7.04 7.6 -1.58 -8.74 -2.81 -8.43 -7.85 -8.69 4.87 -0.17 -1.6 -0.11 1.14 -6.46 -3.74 -6.1 7.72 -3.5 -2.1 
-8.11 1.97 7.65 -0.57 3.02 -3.62 0.92 6.11 9.36 -6.91 -5.0 4.34 -9.79 -4.24 2.27 7.99 -5.93 -9.38 6.59 5.43 -0.06 1.45 6.79 0.95 6.89 -4.59 -2.1 -6.77 -8.63 0.05 2.04 7.71 7.38 1.41 9.56 -6.01 -3.89 -4.22 -8.3 -1.69 7.69 4.85 -6.55 -2.29 8.54 7.01 -0.19 7.01 -6.39 8.56 3.15 -8.5 -7.26 -0.18 -6.79 8.56 4.84 -3.75 -9.7 0.31 6.56 -0.18 -7.71 5.69 -3.86 2.89 7.57 7.36 8.38 -7.75 3.23 -0.68 8.17 -9.63 -3.64 -5.45 1.59 -2.07 -0.58 8.36 4.3 -6.56 -2.08 5.43 -9.64 8.52 -6.75 -1.03 -4.33 3.14 -9.45 -4.33 -5.62 3.59 
-8.65 -9.57 4.85 -4.25 8.77 6.78 6.2 1.48 9.03 8.23 -2.63 -2.51 9.0 -0.61 6.3 -8.63 5.29 -6.28 0.28 -2.72 7.51 -3.94 1.36 2.3 6.76 -9.03 -6.38 -0.5 4.76 -0.36 -7.19 -1.09 -0.32 1.29 -4.57 -8.41 -2.59 7.39 -4.23 -0.59 3.23 -4.21 -8.38 -6.68 4.01 4.35 -3.17 -0.04 4.95 0.79 5.64 0.38 4.79 5.33 -3.93 6.56 -4.75 -5.19 -3.79 -2.28 -9.73 -1.52 -4.98 -6.74 -0.41 -8.41 0.57 3.79 2.5 3.27 -6.72 -2.42 3.87 -1.37 0.83 -2.61 6.81 -7.98 -1.86 5.49 -5.01 -0.11 4.59 -7.7 2.54 -9.15 7.37 1.41 -1.06 -2.17 4.4 -9.48 -6.48 
0.98 -0.12 4.3 0.93 7.3 -7.2 -7.33 -6.74 3.6 2.94 -4.54 -7.73 3.61 -3.27 -6.4 4.84 -6.94 3.11 2.05 -4.17 4.95 8.38 3.17 -7.93 -0.59 -8.77 -3.03 5.58 -2.35 8.21 9.81 3.43 1.87 6.51 9.91 -5.46 9.43 -5.45 -3.13 7.22 5.83 -5.32 8.75 7.55 -0.94 -8.21 1.04 1.61 1.13 -9.47 9.06 -1.13 -7.17 0.55 -5.36 9.97 1.11 6.27 -0.32 8.94 -5.57 4.48 7.87 6.12 5.98 -6.44 -1.96 8.11 7.94 7.54 -5.83 -0.47 -7.83 6.96 -1.18 1.14 8.84 -1.38 8.3 -7.4 6.74 -1.78 4.61 -0.19 -4.16 -3.62 0.85 -0.87 -5.18 -6.88 0.49 2.03 
-4.12 -5.08 -6.36 4.1 -0.94 1.84 -3.13 1.49 4.53 -8.94 3.21 -9.06 5.29 -6.71 -7.69 -6.83 -6.19 5.56 -6.67 -1.5 -9.7 5.43 7.33 8.15 -3.45 2.83 2.93 0.54 9.73 -1.32 9.81 -5.63 -3.77 8.86 2.63 -7.24 -4.8 -7.52 9.88 4.96 6.17 4.53 4.67 -3.84 7.89 -0.43 -9.23 8.33 -6.43 -0.48 5.83 7.31 6.31 5.71 -4.13 7.97 2.76 -8.41 6.53 9.46 6.71 3.44 5.02 -2.14 -9.04 7.13 8.78 5.3 2.51 4.99 8.73 3.05 -4.18 -2.39 8.73 5.36 -3.51 -5.72 5.67 -1.51 -9.45 9.68 -1.91 -7.11 2.62 -7.14 -0.0 -6.18 -2.1 3.55 -6.09 
-5.61 1.36 -2.9 2.83 7.85 2.97 -2.66 -2.98 4.7 5.73 -8.2 6.41 3.21 1.7 5.05 2.23 8.36 2.16 1.89 -4.99 -6.62 4.94 9.3 -7.06 -7.4 -1.04 -3.37 -5.54 -5.69 2.35 -5.98 4.3 4.2 -9.86 5.13 7.28 5.05 3.78 1.36 5.79 -3.98 1.07 -7.98 2.18 -9.55 -5.84 5.28 -2.97 -7.99 9.58 -6.54 6.03 -8.85 -7.29 -0.67 2.22 2.94 -6.36 6.13 7.39 -6.14 0.95 -6.93 4.8 6.95 -3.29 -0.59 5.04 -4.63 -3.74 7.0 5.33 5.15 4.19 3.54 3.78 0.19 -8.78 -4.01 -1.65 -2.28 7.4 8.95 6.09 0.9 6.87 -6.55 -9.31 -3.6 -5.35 
-6.13 -9.57 2.74 2.02 1.13 3.01 8.81 6.96 -2.93 -5.99 6.9 9.44 -6.42 -8.03 9.25 -4.59 -8.21 5.23 -6.84 -3.9 -8.93 -8.11 -2.12 -7.56 -2.79 -3.06 -1.14 8.56 -9.8 9.85 -4.25 -7.61 -0.72 -4.85 -6.03 -7.96 4.02 -4.07 -1.65 9.94 -5.51 -8.47 2.78 -0.09 1.74 -6.22 -4.3 -1.58 9.14 1.35 8.91 0.03 -8.13 -4.14 3.59 5.33 5.88 -5.55 -8.02 -2.43 -6.01 0.43 3.79 -6.05 8.4 -6.37 0.53 7.43 -5.04 -0.55 -6.53 3.84 0.28 -4.01 6.78 -0.3 0.89 -3.92 -0.3 1.58 -7.71 -9.38 3.68 -7.83 2.89 5.77 5.59 4.11 -3.64 
-1.49 6.85 1.48 3.77 9.38 -4.82 3.98 0.71 8.27 -7.62 7.53 -6.54 -2.45 8.74 2.35 -5.9 8.11 2.1 -4.51 -5.12 0.48 4.2 -7.85 7.55 -1.94 -4.26 -7.32 -6.58 -4.17 8.91 -5.72 -8.93 5.49 -4.16 -2.78 4.58 0.57 6.23 9.36 6.06 -2.77 4.96 7.72 -8.96 6.27 -2.41 -2.41 7.27 0.11 -1.76 1.85 2.89 -2.5 -5.58 -0.34 -1.72 -3.99 4.56 -9.59 2.85 -7.63 4.91 -2.44 2.55 -8.38 -0.32 -6.69 0.15 8.62 -6.97 5.51 -4.05 -5.58 0.08 5.8 -0.6 -0.55 -4.15 7.35 -9.22 2.12 8.22 -1.36 1.6 -0.87 0.06 5.82 5.5 
-5.81 8.44 -3.37 0.56 4.58 -0.51 6.42 6.35 -5.88 3.38 -8.87 -5.34 -6.81 -6.43 3.6 5.13 -1.02 -2.48 -5.84 -2.19 3.85 -0.75 6.17 4.71 3.07 7.78 3.16 0.87 3.95 1.49 -1.82 -2.32 9.84 -0.16 3.38 8.25 1.45 -5.16 -6.79 -8.28 3.85 3.53 -2.49 5.01 -1.51 -8.62 -9.95 -2.57 -0.74 -4.85 5.35 0.67 -1.08 1.76 6.6 0.0 -5.35 9.48 3.27 -6.15 9.26 8.2 2.66 5.0 -0.5 -1.51 3.46 -4.69 -3.24 -9.87 5.9 -0.57 -6.03 -8.62 -9.65 -8.32 6.43 -0.29 -5.35 -4.35 -8.97 -8.21 -7.03 0.6 1.27 9.44 2.43 
-4.65 6.96 -9.41 -1.75 -5.4 -5.54 -6.57 -7.18 0.92 -3.89 4.97 -7.12 -9.44 3.73 -4.91 -9.43 -7.8 -6.82 3.66 1.85 -0.79 -5.79 -6.68 -2.82 7.06 0.14 -7.55 6.81 -3.04 -9.56 -3.48 -3.72 3.99 1.8 -4.14 -1.43 -1.14 3.66 -2.76 1.99 1.16 6.09 -7.82 8.41 -4.32 -0.84 -8.49 -1.69 3.99 -8.84 -9.26 8.64 5.48 -3.63 0.2 -2.48 -5.62 -5.82 -4.72 -7.75 -5.04 -8.92 -6.26 1.04 7.76 -1.71 4.4 -3.69 9.89 8.76 -4.0 -8.79 1.19 6.78 2.34 -9.88 0.16 4.26 3.96 -5.21 3.51 -7.52 0.74 2.6 9.12 -1.25 
5.66 6.73 -0.83 -1.19 4.09 -5.25 8.74 -0.01 -0.49 0.8 -0.52 3.97 -1.57 -7.83 -4.59 -6.23 -7.87 9.5 -8.29 -8.3 3.37 4.58 4.56 -6.32 -6.29 -3.77 -3.56 5.2 9.27 0.54 -2.59 2.33 -7.43 4.66 3.76 5.86 5.02 3.81 5.04 -1.31 -3.69 -6.95 -6.34 3.24 -9.42 3.12 -0.94 3.16 -6.61 8.48 -4.61 -3.27 -8.22 -2.25 -5.47 8.84 0.78 -5.39 -7.04 2.47 0.04 -3.21 9.21 -8.26 -8.35 1.49 -7.54 -4.13 -2.69 0.9 6.74 -7.57 -0.54 -9.71 -3.59 -9.07 -7.27 3.76 9.18 -2.26 2.39 -0.45 -5.52 -3.96 -2.52 
4.8 5.74 0.27 1.76 -8.45 9.98 -5.07 2.81 3.21 1.51 9.48 -9.9 7.54 -7.18 2.93 5.39 -2.78 -0.92 -8.72 5.41 -9.65 -1.4 2.15 8.27 -5.66 7.04 -7.32 -2.19 -5.77 8.64 -7.53 -1.39 5.15 -9.2 1.01 -3.37 0.7 1.99 6.64 9.91 7.59 -8.07 9.43 -1.19 3.02 -0.92 -0.55 -8.58 1.72 -4.84 0.13 2.73 -8.55 -5.64 9.53 -1.73 -0.64 0.74 -4.56 8.22 7.89 1.75 8.22 -8.16 -2.97 -0.3 -4.05 -5.34 -7.68 -2.41 -6.29 4.75 -5.38 -8.51 -8.33 8.62 1.15 -2.3 -3.46 -1.93 -4.23 0.1 -5.91 0.8 
-6.79 -0.06 7.44 -6.43 3.27 -1.51 5.93 2.32 7.46 5.7 -0.33 -9.28 9.75 5.16 -6.79 3.51 -9.03 -6.35 -4.6 5.16 4.32 -8.04 -7.6 0.71 8.5 -2.31 5.94 -0.05 6.34 6.3 0.01 1.21 -7.67 -7.44 0.39 6.61 -0.45 0.0 4.13 -8.59 8.72 -6.14 -5.87 -6.33 4.47 4.65 2.51 -6.38 1.23 1.87 -5.17 -7.45 7.64 6.01 -9.26 5.52 4.91 9.73 7.71 -6.55 -0.43 -2.23 -0.36 7.53 -9.73 9.85 -6.73 5.11 6.11 -6.81 -4.54 8.47 1.61 -8.04 0.86 5.13 -4.12 -3.79 4.67 -3.34 1.95 -6.82 -5.42 
8.33 5.84 9.81 3.86 -4.01 -5.72 7.0 8.58 4.03 -3.0 6.25 -7.19 -4.54 -8.38 2.07 1.8 9.92 -5.75 0.85 -1.63 -5.27 6.04 9.88 8.97 -1.07 -0.0 1.23 7.57 7.29 6.78 -1.18 -6.24 8.53 -5.45 3.17 1.42 5.79 -3.74 -7.36 -9.25 4.38 3.49 3.84 1.86 4.26 -2.98 -7.46 -8.69 -2.35 -9.96 -7.23 -4.41 -1.04 2.11 -8.97 -5.65 -1.01 4.25 -5.54 0.11 -6.92 4.05 3.56 -3.71 -8.47 7.41 -7.4 -7.82 -5.1 1.77 0.17 6.32 9.03 4.42 -5.2 4.32 -2.03 -5.57 -0.22 -4.59 -1.55 8.46 
8.99 4.7 6.55 5.52 -1.78 -6.52 8.56 -1.66 -7.03 7.61 -4.91 -2.14 2.52 4.01 -4.01 9.47 6.21 0.2 6.21 -4.95 3.75 -6.96 0.5 -5.08 1.02 3.9 -6.72 9.09 -5.08 1.63 -7.22 3.75 9.32 -5.26 6.5 -9.11 -2.46 -6.6 3.92 -1.87 -4.07 7.11 2.19 2.93 5.78 -7.63 -4.82 -3.07 0.69 9.79 -5.75 1.89 1.03 6.17 0.3 -9.22 -9.63 -8.53 0.19 3.14 2.66 5.35 5.58 -0.24 3.08 -1.13 0.89 1.38 -8.86 2.92 4.67 -0.88 4.85 -7.36 7.41 -8.46 3.0 0.22 -1.0 6.0 -9.16 
-5.17 -8.41 2.1 7.62 -6.91 8.02 8.91 7.96 9.83 1.89 -2.99 -5.92 8.26 4.52 3.06 -5.01 9.79 1.16 -7.96 -9.0 1.32 5.78 -8.18 9.14 0.33 8.45 8.54 -4.96 8.42 -4.96 1.41 -3.59 -7.52 6.41 -9.17 -9.62 -4.13 0.1 -3.34 3.76 4.8 -0.82 2.56 3.83 -5.33 -2.38 -2.51 -5.49 -6.73 1.19 7.67 -6.15 3.78 0.48 -0.75 6.26 -3.67 4.69 -1.8 -0.76 -4.67 3.33 -5.66 -5.96 -4.89 -3.07 -4.99 6.29 -3.83 -8.87 -8.72 8.35 -4.6 8.35 -3.38 -3.35 4.17 7.05 7.12 -0.12 
6.85 -9.52 5.52 -4.12 -9.66 -4.97 -7.95 9.32 -2.74 -4.21 -6.12 2.4 5.29 -7.61 -7.22 -7.61 0.98 -0.14 -5.8 -7.86 -5.62 3.03 -2.24 1.73 -6.68 -8.5 9.84 -3.98 5.5 -2.33 -6.22 8.68 3.23 -7.53 -2.88 -1.13 0.72 6.57 -1.95 7.99 6.5 0.49 8.68 -5.02 0.18 -0.93 -0.1 -0.74 -3.0 5.74 -7.01 3.97 4.12 -1.45 -8.98 -5.83 5.15 9.6 -7.94 -7.07 -6.43 0.16 1.74 -7.11 -1.06 -5.49 -8.37 -3.01 5.24 1.5 5.38 -1.22 -1.58 8.01 -1.97 0.79 7.96 8.18 4.3 
-0.84 1.03 8.95 0.21 -0.79 -8.77 0.76 -4.42 -0.76 5.27 4.25 -4.76 -5.53 0.32 -6.85 2.53 2.01 -3.59 -0.42 6.86 -5.17 -2.33 -4.97 -2.32 6.46 -5.74 1.11 5.58 3.98 0.46 4.03 5.54 -3.06 -0.1 5.79 -8.49 1.72 -1.71 7.44 -6.7 -1.05 -9.64 -5.8 -4.97 -4.15 1.54 -4.42 -2.97 9.47 -8.12 -1.94 8.18 -6.02 -6.47 -1.05 -8.16 -8.46 7.27 -2.85 8.94 -9.48 -3.5 7.4 1.15 1.49 4.72 -2.47 -3.35 -6.31 -1.69 1.58 8.04 0.97 -6.81 9.75 -9.35 1.19 6.73 
-2.62 4.85 -1.44 -4.71 9.05 3.55 8.67 9.36 4.37 9.97 -9.75 -7.97 5.25 -1.73 -5.6 5.46 7.78 1.79 5.16 -1.8 -1.43 4.64 -5.1 -0.37 -0.86 -1.48 -2.94 -8.5 -8.22 -5.25 -0.04 -2.68 1.86 1.07 -7.15 -0.63 7.39 -7.93 4.61 -6.82 8.74 -2.38 -9.71 -9.93 -6.49 3.85 -4.65 -0.71 -5.85 -5.61 9.57 7.16 4.53 5.67 8.82 1.74 -5.04 -7.25 -1.25 -0.47 -2.33 8.68 -5.86 2.11 -2.68 -9.36 -8.72 8.96 9.2 6.0 -2.39 1.2 -0.09 -5.0 -2.56 1.36 3.92 
7.01 -6.18 -7.26 6.71 -8.78 0.07 4.83 -0.96 8.26 -6.56 2.13 -6.98 0.95 3.5 -2.0 2.55 6.92 6.43 3.3 -9.69 5.22 -1.18 -0.73 6.07 -8.27 -9.21 -5.02 7.46 2.28 2.08 -0.42 5.1 9.36 3.88 0.69 -6.37 2.67 -7.51 6.12 -4.25 -3.72 6.9 -2.02 0.25 3.1 -2.35 -6.44 8.7 4.26 5.03 -7.5 -1.55 -2.17 6.1 -8.34 0.65 -1.36 0.19 -3.75 -1.41 -6.49 -3.89 0.41 4.64 4.93 9.86 4.32 8.2 3.65 0.93 8.62 -9.58 -0.94 0.38 0.13 -1.42 
-5.72 4.33 2.93 1.41 1.41 1.57 -3.88 3.73 3.69 8.69 8.18 -7.96 7.93 -6.66 -4.6 9.27 5.71 -7.84 9.42 2.93 9.57 2.31 1.98 -1.25 -6.01 5.29 8.93 -0.55 4.11 -8.69 8.16 -9.57 -1.98 -1.84 2.93 -3.35 -2.43 8.28 -2.65 -2.15 5.38 -2.32 -5.41 5.65 -7.64 5.52 -4.68 5.42 1.69 -8.48 -6.05 8.02 6.15 -2.41 -5.95 -8.9 1.23 9.38 -4.94 -6.66 -3.8 1.28 8.15 -5.99 2.33 -9.35 -8.39 -1.07 4.57 1.52 -9.69 -9.27 3.89 -6.23 9.75 
2.05 0.96 -2.7 -9.66 6.69 -5.07 0.54 -6.11 4.61 0.3 -4.73 -0.46 -2.4 3.29 -7.2 -5.1 -2.02 1.66 -9.41 -7.65 -8.33 9.11 -8.16 -6.0 3.71 -5.19 8.83 -7.19 8.3 -4.52 8.69 -3.0 2.29 8.56 -1.69 -1.26 -0.81 -2.85 1.59 5.79 1.79 -1.19 1.58 4.57 0.41 0.57 8.85 -6.45 7.86 1.84 4.24 5.48 5.14 -3.96 -8.6 5.31 5.8 0.53 -3.89 7.64 9.81 2.64 6.58 6.14 -0.88 6.21 7.45 -3.21 9.59 2.64 -2.93 4.12 7.79 -1.14 
4.65 7.39 -7.67 -9.67 3.91 9.47 -8.47 -7.92 4.93 -7.57 -3.38 0.67 -3.65 6.45 1.43 4.56 -0.36 -9.13 8.24 -1.4 -5.64 2.2 8.55 -2.66 -5.85 -0.82 -7.03 -1.31 -8.65 -2.86 1.15 6.39 -3.21 -6.23 2.12 2.16 -2.67 -1.75 8.31 -2.07 6.49 5.08 8.58 -4.42 3.68 -4.22 7.03 8.87 -9.6 -7.96 6.55 -4.82 -4.69 -1.13 -1.86 -9.57 0.08 -3.62 3.86 5.27 -5.48 -1.65 -3.76 8.17 5.55 4.86 -6.24 0.52 5.25 -5.8 1.23 -5.85 4.48 
4.22 4.53 9.05 0.79 -8.6 6.69 -6.4 4.12 -8.04 9.19 1.76 -3.78 -5.2 -5.06 2.73 -6.15 6.85 -2.15 5.46 -3.78 -3.17 -0.76 9.77 7.2 8.1 5.12 -2.48 -2.61 -2.25 -6.62 6.6 2.92 -5.86 -2.23 -2.8 7.28 -1.88 8.25 3.72 9.84 -3.79 2.4 -3.97 2.18 -0.33 2.57 8.39 -0.73 9.76 9.12 9.47 3.22 8.57 -2.89 8.42 -3.9 0.18 5.33 9.77 8.42 -5.88 7.91 9.22 6.78 -0.79 2.21 3.67 3.71 0.63 4.01 3.62 9.22 
4.8 7.46 -4.44 -3.51 3.53 -9.05 0.19 -0.34 -5.68 -5.45 -9.87 8.01 4.43 -7.56 8.25 3.4 -2.2 1.52 -0.23 -5.48 0.49 0.21 -8.35 -7.1 -5.59 -5.87 -1.46 -6.67 1.47 2.71 4.06 8.11 -5.02 -3.52 6.04 -4.22 -6.56 2.95 6.49 3.38 0.28 5.48 2.41 1.84 -5.6 0.51 2.05 -3.81 -4.96 7.49 1.45 -7.34 -1.06 -0.3 -1.3 -0.16 -0.62 -8.32 -9.01 -1.21 0.31 1.85 6.37 -6.34 -4.28 -7.31 -7.64 -0.85 -6.28 -8.07 -5.94 
3.54 -9.21 -7.45 8.28 -4.73 -2.11 -5.52 -6.01 6.99 -2.46 -8.53 5.14 7.16 -3.47 9.77 -4.85 2.92 0.52 -1.23 7.23 6.83 -6.95 -4.67 7.41 0.06 7.55 9.36 7.33 -0.13 9.05 4.34 -7.74 6.3 -8.5 2.07 2.68 3.01 -6.49 8.84 8.42 -7.11 -6.66 9.0 4.17 -2.25 -9.17 4.35 -4.37 7.64 0.53 2.99 -6.44 -1.43 -3.76 -5.59 -2.48 7.75 4.76 2.3 2.4 -3.28 -6.16 -6.07 0.2 8.19 -3.94 -2.24 9.18 2.99 6.48 
-1.38 -0.4 4.0 -7.61 -3.99 8.34 6.88 1.99 -9.24 -7.79 -9.16 2.33 4.41 -4.98 -2.13 9.13 -8.54 7.83 -6.66 4.19 -2.15 7.58 -1.97 9.47 -7.36 1.74 1.1 0.02 -0.34 -9.58 0.35 -9.86 -4.51 -0.54 -7.0 0.69 -9.1 1.94 -3.55 -8.17 -1.74 -1.66 -1.01 -2.3 6.98 -0.44 0.65 -0.64 2.96 7.26 9.68 -4.61 -0.03 8.02 -2.84 3.82 8.81 -8.5 -7.85 -6.61 2.62 -8.12 -1.54 -1.52 -9.46 6.11 7.34 -1.72 1.79 
-5.67 8.31 1.43 6.83 6.59 1.31 -4.11 -0.99 -7.76 -8.01 -4.72 3.41 -1.41 -1.49 3.1 1.99 0.4 -1.56 3.87 3.03 -8.34 -8.55 -1.03 -6.56 8.96 -7.12 -6.65 -4.8 -9.62 -0.88 -1.01 -1.09 9.38 -1.99 -3.5 -7.55 -0.79 -3.62 8.46 3.9 4.81 4.78 -0.11 -9.88 -6.74 0.68 -0.72 -5.03 -3.59 1.81 2.38 9.44 -0.91 -0.05 2.74 4.25 0.49 0.97 -2.67 -0.08 8.5 -2.22 -1.03 -4.81 7.71 7.72 3.54 9.46 
-2.85 1.51 6.78 -6.12 3.08 7.98 -6.65 6.05 -3.24 5.72 -6.4 -3.51 1.09 7.75 -1.7 5.67 -1.9 -2.71 -0.93 -9.58 -1.1 4.09 -9.04 -7.29 6.03 4.66 -5.2 4.35 0.35 3.83 -5.56 -4.18 -5.99 -5.31 0.73 -8.29 8.53 0.35 0.37 8.85 6.69 1.16 -4.28 -2.01 4.5 1.44 -2.93 3.41 7.46 -2.74 3.34 -0.42 -0.52 -4.2 9.1 1.35 -8.65 9.26 -7.9 -7.13 -4.08 2.53 5.39 -8.17 -0.67 -9.85 -2.54 
3.91 -2.83 -2.49 5.92 1.76 9.45 0.72 2.51 7.41 9.6 1.41 2.56 -0.56 -6.07 -1.64 4.03 -5.3 0.89 3.59 -2.51 -4.74 -8.92 -1.68 -5.4 -0.1 3.95 1.86 -7.21 8.15 8.53 -0.69 -1.94 -0.25 1.17 -9.54 -2.23 3.14 6.96 1.47 -4.2 8.1 5.38 -9.53 7.82 -6.04 2.41 -7.25 7.56 -1.26 3.79 -6.01 -8.24 8.53 -0.38 -5.22 0.74 -9.56 6.14 -5.46 5.82 9.81 -3.88 -7.61 1.97 1.62 5.36 
4.35 -6.61 -3.5 -3.64 3.38 -7.46 -7.82 -9.56 -0.66 0.07 5.61 -2.85 -3.83 -9.67 -7.78 3.99 -4.19 4.86 4.24 -0.03 7.86 -4.64 5.31 6.81 3.2 -3.51 9.33 -5.12 -2.68 -8.53 -2.83 -3.07 -1.27 1.63 2.34 9.74 9.48 4.31 5.01 -8.54 -3.53 -6.54 -4.8 -7.98 -4.29 7.8 3.9 -6.72 7.21 -3.47 7.06 -0.4 -7.06 -1.97 -8.76 5.86 3.57 -1.59 -6.31 0.16 -2.89 1.08 0.45 -8.69 8.37 
-6.28 9.06 -5.97 -2.0 2.96 8.72 -7.84 2.06 4.16 -0.98 8.58 -7.24 -8.35 -5.4 2.42 6.23 8.55 -3.57 -5.09 -0.25 1.75 -8.66 8.15 8.45 -6.47 4.28 -0.75 -9.2 4.31 -7.97 0.39 -9.06 -6.77 -3.17 -2.25 3.86 5.66 -2.99 -8.36 6.86 -7.62 -3.36 5.77 -1.74 6.92 1.98 6.14 -4.35 -5.19 -4.26 0.42 -6.31 -7.74 1.98 2.93 1.14 -3.84 -4.01 9.46 -9.79 7.59 -4.75 5.33 9.54 
3.49 -3.51 7.57 5.44 8.32 9.94 5.05 -4.96 -1.93 -7.19 -9.19 -4.15 5.43 0.54 -2.37 3.26 0.58 7.56 6.4 -4.31 -8.25 -4.63 5.14 2.6 -2.31 1.62 7.39 -1.14 -2.33 4.62 7.6 -9.55 1.12 -7.83 2.51 2.73 -8.08 -6.6 9.24 -8.7 8.47 -3.37 5.46 0.22 3.77 -1.81 9.07 -8.1 2.26 -3.87 9.5 0.41 9.15 7.67 -8.12 -1.8 -6.33 0.92 -5.27 4.75 -6.84 3.59 8.02 
8.03 -7.51 4.93 3.39 7.93 -9.43 -0.84 2.95 -9.51 -5.14 -3.37 6.88 -7.99 -2.24 -7.32 4.55 0.53 5.36 -1.17 -5.84 -8.96 -1.53 -9.05 -1.29 -7.15 -2.35 7.33 -2.63 6.32 8.45 5.28 2.7 -3.81 -8.14 5.35 -4.9 5.35 8.87 7.26 -6.85 -9.16 -2.08 8.36 8.12 8.01 1.1 7.95 -6.55 -5.09 -8.35 1.34 -4.97 -4.61 0.22 3.24 -4.76 3.17 1.13 8.75 -2.24 -0.59 6.39 
-9.33 -9.37 -4.41 -4.2 -7.04 5.49 9.89 -4.32 1.26 7.13 -3.52 -0.77 -0.51 2.18 0.34 6.33 8.46 9.64 -8.87 -9.08 8.86 -9.7 9.91 -5.92 -1.9 8.61 -9.59 5.99 4.52 -3.65 4.51 5.21 -2.87 7.78 -0.98 2.46 1.21 2.31 -8.86 3.43 -4.49 -2.36 -9.71 -6.25 -8.36 -7.08 5.85 -7.02 -4.46 5.29 4.56 -8.1 -7.26 6.36 -8.34 8.13 7.72 3.59 5.16 -6.92 -3.1 
-6.72 -3.54 -3.23 -1.31 2.44 5.38 3.79 6.4 8.87 9.42 -2.06 1.77 3.26 0.66 0.16 2.27 6.7 -6.07 -8.74 0.92 5.38 -7.69 -4.09 -1.64 -2.44 -6.42 2.87 -0.64 2.6 -8.86 -6.3 6.6 3.04 -0.33 -6.75 -5.85 3.21 5.91 -7.62 -8.04 -1.18 -9.88 -2.66 7.31 -2.65 -7.0 8.53 -4.1 -2.38 1.67 -9.98 -0.95 1.05 -1.26 5.86 -0.37 5.02 4.46 -2.35 4.99 
-3.05 -8.08 8.48 -1.58 5.93 9.37 -8.02 -6.27 5.47 -5.98 4.29 3.1 -1.62 8.26 0.84 -6.86 9.23 -9.64 9.88 -8.0 8.97 9.59 3.17 3.98 -0.46 -4.34 1.32 -5.62 4.22 2.69 -2.47 -7.8 -7.46 1.99 -8.3 -6.67 3.6 -4.96 2.02 -4.69 -6.75 -2.84 -7.37 1.6 6.03 -8.3 6.33 -1.74 -2.02 -8.45 -0.56 9.54 -6.64 3.78 7.05 -4.5 3.75 -1.86 -5.35 
3.72 -9.37 -5.9 -6.69 -4.0 9.92 -5.27 4.5 8.59 6.28 1.66 8.0 -2.1 7.49 7.65 2.91 3.92 -0.35 -9.46 -4.56 -7.41 6.12 7.36 -9.92 4.41 -8.93 0.67 -3.5 -3.56 3.84 9.3 9.25 3.24 0.49 -3.63 3.42 -3.27 -4.74 3.63 7.77 7.18 2.11 7.09 -4.46 1.77 4.6 -0.94 -8.07 0.51 -0.72 7.28 0.92 -7.92 3.86 5.02 -1.19 9.31 -8.75 
2.69 -3.47 3.28 -9.54 5.18 -3.14 -1.58 2.3 -6.43 1.2 -3.6 8.09 -4.17 1.12 -1.7 0.1 -2.42 2.29 7.2 -5.48 7.09 7.44 2.2 4.92 -4.95 4.69 -8.18 -4.9 -9.33 4.84 2.52 -6.82 -7.3 -7.54 -0.11 7.11 0.64 2.5 2.9 -4.05 -9.62 1.09 -8.37 0.62 -3.52 -4.89 -5.47 -3.83 -3.26 6.69 2.63 5.78 3.71 3.42 9.67 -6.23 -3.13 
1.46 -3.19 -0.91 -1.8 7.91 5.83 5.16 -5.6 -3.55 0.66 -2.01 1.65 3.41 7.02 -7.55 5.83 8.5 2.72 -0.24 -9.02 -2.91 -4.33 -0.79 0.46 6.71 -2.27 -8.93 -6.47 -2.92 1.45 4.2 4.07 2.17 3.21 -2.96 2.57 -7.92 -7.29 -5.23 2.3 -1.91 -4.29 1.77 1.58 0.64 7.56 -8.01 0.05 0.8 -3.84 7.32 4.73 2.77 -4.26 -9.86 0.49 
-7.59 8.24 -4.85 8.79 6.66 -5.57 6.95 5.14 9.19 2.11 -4.05 -6.76 4.91 -7.37 -5.61 0.75 2.53 -1.2 9.03 -9.76 2.35 8.69 -6.17 1.77 -4.64 -8.13 -5.3 6.69 -0.57 4.57 8.03 -7.1 4.66 -9.87 -3.99 8.52 -9.88 -0.17 5.25 7.97 -8.13 0.3 7.39 -4.38 -0.27 -6.07 7.59 -7.27 -7.4 -7.04 8.13 -8.13 -0.99 -7.03 -0.12 
-2.55 3.9 6.61 -1.36 7.66 1.62 3.87 -7.43 0.87 -7.51 -3.06 -5.87 -0.01 -2.82 -5.95 -8.91 3.44 4.38 0.68 -1.66 8.59 -2.05 -0.85 -4.77 1.09 7.26 3.84 -6.02 1.69 -6.18 -5.52 2.93 7.73 -1.1 -8.93 -6.31 8.78 -6.55 -8.1 4.67 5.08 4.18 8.93 8.11 9.89 -1.56 3.61 8.25 -9.02 9.23 -8.44 0.45 -4.34 -6.84 
9.57 -5.7 -4.04 -7.01 -1.45 -9.78 -7.43 -1.21 9.37 1.79 -6.08 4.92 9.56 9.4 5.35 6.33 5.97 -6.11 7.45 8.1 -8.2 -7.94 -3.09 -8.93 0.42 -6.72 6.72 6.95 -7.4 -6.83 -7.72 1.73 -5.67 6.17 -2.08 2.24 -0.51 6.79 4.51 8.68 5.66 1.5 -5.48 -2.7 5.68 4.03 4.6 -1.55 -7.04 8.43 -5.51 6.44 -4.07 
0.45 4.36 -0.67 -2.72 -5.92 -8.32 8.08 -1.26 0.18 8.92 8.87 -1.32 -8.48 8.91 9.94 -3.64 -4.84 -5.38 -2.73 -4.99 9.19 -7.26 5.23 -5.15 -0.55 8.74 -9.39 -2.01 -4.13 0.88 -7.73 3.13 8.21 -1.66 3.38 9.45 -4.21 2.09 -9.0 7.76 -2.92 7.35 4.99 9.08 -3.51 -5.72 -3.52 5.87 2.97 -1.68 0.62 -5.41 
8.57 -8.71 7.9 -2.08 -5.19 3.21 9.46 0.94 0.9 9.46 -4.21 -9.29 9.28 -1.52 -0.89 0.28 2.96 1.39 -8.21 -8.1 5.05 2.78 5.25 9.42 -2.32 -9.73 4.6 5.04 -7.59 3.44 -7.84 -3.25 7.35 0.28 7.13 6.04 -3.11 -7.08 8.33 -7.08 -0.85 -9.0 1.57 3.04 2.09 -1.94 -4.95 8.71 -0.23 -8.94 -5.92 
0.31 5.52 -7.01 4.35 -7.7 6.89 4.42 -3.85 9.31 -4.36 8.5 9.47 2.21 -1.84 2.05 -2.52 -0.0 9.18 -1.59 6.98 5.08 -5.33 7.47 -7.28 -7.1 2.93 3.11 7.34 8.58 4.64 -3.28 -5.93 -5.38 -4.16 -1.42 -3.12 -7.31 -9.0 -3.78 -3.38 0.58 2.24 0.05 -5.48 0.23 8.22 -4.84 8.89 -4.49 -8.79 
9.86 2.33 -2.26 -4.87 -5.36 7.03 -8.12 1.62 0.1 -6.58 -0.53 8.92 -2.02 2.43 3.83 3.77 4.74 0.15 7.9 3.98 0.85 1.75 -6.03 6.95 8.04 -0.4 -7.19 -2.35 2.25 3.41 -7.15 -6.2 4.26 -3.28 -6.69 8.23 -9.77 3.37 -2.8 6.38 -5.24 -2.58 2.51 8.27 -9.02 4.56 -3.87 -5.44 -9.96 
0.75 2.34 -9.39 -8.54 -9.35 -1.9 -0.63 4.9 -2.63 -4.12 -3.78 5.75 0.0 -2.64 0.22 -5.48 3.17 -9.06 -7.62 -8.95 -2.05 6.1 -4.95 -2.0 9.52 8.46 -6.5 -7.05 -3.75 -5.96 0.84 -5.07 -6.45 4.24 7.67 -8.13 1.01 8.19 7.23 -4.82 6.05 -0.4 -4.5 -6.84 0.48 3.28 -5.63 -9.27 
9.16 8.89 -3.49 8.78 -2.74 -1.33 4.08 4.35 4.44 3.37 -8.98 5.24 -9.19 -4.93 8.39 -4.32 0.76 -4.93 2.57 -2.5 -2.27 5.36 -0.29 -4.13 -4.38 0.65 5.98 4.81 -3.84 -3.4 -4.1 -7.74 -8.17 9.82 1.13 4.36 0.84 4.61 -5.6 0.9 -1.69 -1.74 7.78 9.66 -0.13 2.2 -3.88 
5.09 -2.41 4.76 7.82 6.89 -2.84 2.36 -1.42 1.84 -1.7 7.5 -5.26 8.91 2.91 5.53 0.08 2.21 4.4 1.12 -9.59 0.59 -8.18 3.38 8.96 1.88 -1.1 -0.81 9.3 1.64 -6.89 -2.14 -2.61 0.54 9.81 5.38 -1.71 -3.44 1.25 -0.76 3.04 -7.29 7.64 7.69 -2.2 5.38 8.25 
-8.58 -0.98 -3.03 -2.83 -0.37 -3.65 6.82 -8.51 2.62 -9.36 -5.43 -9.37 7.27 -3.45 -9.89 3.86 -7.38 7.89 9.28 0.22 -7.02 1.84 2.88 -6.28 -3.83 8.88 -0.45 -6.23 -3.72 1.02 8.18 7.12 -7.11 5.81 -1.58 6.23 -1.01 8.26 4.98 -0.82 -1.1 6.8 -6.14 0.74 -5.48 
2.06 -2.01 4.4 6.14 3.16 7.29 -9.47 -2.59 -2.48 -0.96 -6.23 4.33 -4.2 8.38 -4.64 4.36 -5.82 5.9 -4.06 1.15 -5.23 -1.66 2.0 -4.89 -1.95 -8.81 4.21 9.19 -7.5 -2.68 1.96 -1.39 -5.53 0.89 6.64 6.97 -0.94 5.72 -2.89 1.5 4.79 5.29 -6.56 -4.95 
7.25 -1.31 -7.54 -5.46 -9.92 7.11 -0.5 0.18 7.35 5.46 -7.82 -1.31 9.31 8.59 6.28 -8.12 8.26 -8.76 5.05 -4.02 4.6 2.64 -1.84 -5.64 -2.32 7.62 0.4 -1.6 -2.9 -0.69 3.02 -2.77 1.94 -4.33 -7.7 4.59 2.58 7.95 4.26 -0.99 6.04 -0.25 -8.91 
-7.45 -4.27 -0.77 -1.38 3.67 -4.77 2.78 -0.25 1.05 -8.13 2.05 -0.13 -2.01 -3.41 0.24 6.54 2.62 6.15 -4.13 1.01 0.31 -3.89 -4.43 0.88 -2.12 -4.72 7.02 2.55 -0.48 -2.3 7.62 6.79 7.96 -5.93 -5.82 6.12 -5.42 5.5 -4.26 -0.99 7.54 -7.04 
1.11 2.87 -1.22 -3.78 -9.12 8.04 4.46 9.01 -4.99 4.63 2.53 -3.15 -4.57 3.25 5.04 3.11 1.81 4.33 5.33 -9.12 2.41 7.71 -8.29 5.83 2.46 0.46 -8.81 -4.36 -5.69 -1.39 3.35 5.88 -7.85 5.66 -2.25 -0.91 2.46 -9.31 7.65 2.27 9.87 
-2.01 2.83 -1.21 8.78 5.89 3.09 -1.81 5.54 -3.6 4.45 6.73 9.09 -2.04 2.66 -4.81 -8.07 5.47 -5.56 7.18 -2.6 3.64 8.69 -2.54 -3.33 -0.11 3.3 -7.99 5.06 -9.05 0.85 -6.34 -4.56 -8.13 2.28 -1.14 -0.98 3.62 4.69 5.06 1.29 
-6.36 5.66 -0.72 -8.59 -7.09 -9.64 -9.52 4.93 -5.03 1.59 -0.25 3.29 3.33 1.89 0.42 -3.26 7.33 9.92 7.2 -0.53 -4.64 8.73 -5.03 4.74 -3.5 6.84 2.25 0.1 2.2 7.0 9.71 8.8 7.98 9.74 9.03 -2.3 -6.41 -1.79 -2.83 
-1.79 2.82 8.38 -1.13 -5.91 6.69 -8.86 8.24 -9.38 -7.68 8.47 -3.99 5.38 5.53 -4.86 -0.1 -3.22 -5.7 -4.82 2.22 -5.64 4.63 4.94 8.77 -5.18 -7.7 -1.69 -1.98 -0.36 -7.59 -1.76 2.38 -6.99 5.25 9.31 -9.34 3.79 8.11 
9.69 4.53 4.35 -2.93 -8.78 3.41 1.71 7.54 6.08 2.75 -1.35 -8.56 0.2 -0.41 1.57 9.16 6.79 5.63 -5.23 -8.01 5.18 -7.99 7.0 -5.73 2.33 -8.09 4.6 -8.31 1.26 -1.77 -5.6 0.61 4.69 8.22 0.86 -1.99 -9.79 
-1.94 9.83 -8.37 -6.42 4.53 7.53 5.33 -2.35 -4.71 -3.32 0.79 5.77 -6.07 8.95 -1.71 9.71 -7.08 4.7 3.27 -6.1 8.49 8.03 4.94 -8.97 -0.08 -7.72 9.89 0.26 -5.82 -2.07 -2.96 6.25 -6.55 -6.67 8.08 1.36 
7.21 -8.85 -9.97 3.13 2.85 6.19 -4.58 -8.85 1.94 4.25 1.55 3.21 4.99 -4.69 0.99 3.78 6.86 -2.88 -7.63 0.05 -6.01 1.49 4.87 -2.84 -4.37 3.91 0.53 -0.24 2.84 1.75 8.14 9.43 -7.84 -3.41 2.81 
-2.88 2.4 5.21 8.7 7.93 -5.6 -8.4 -1.33 9.01 -5.19 -5.63 -7.37 1.65 6.3 -2.0 1.62 -6.0 -7.02 6.97 -5.03 -8.01 5.67 -1.09 -5.49 9.62 -7.48 -1.74 -3.65 1.47 4.33 -0.73 8.55 -4.52 -2.34 
1.32 -9.57 7.15 0.08 6.59 8.69 -5.65 -4.43 -4.06 4.67 4.97 -5.1 -5.94 8.88 -9.4 -1.64 5.66 8.69 -7.75 8.72 3.53 -5.81 8.56 -7.22 4.62 -1.75 -3.9 -9.81 -5.87 -5.98 6.8 -6.71 9.79 
0.48 6.64 9.23 -6.83 -9.64 -6.85 -1.88 2.14 5.29 -9.25 -3.68 -3.25 7.17 1.2 0.39 9.75 -6.15 -4.53 -5.51 6.87 -9.69 3.09 2.46 -0.71 -2.67 -1.54 -7.05 -0.8 -2.43 9.94 9.2 -4.01 
-0.89 -1.29 -9.41 6.57 1.59 -8.89 5.47 -3.46 -3.45 8.87 8.71 -0.63 -5.99 3.44 9.0 5.63 -1.83 -4.65 -8.18 -4.55 -5.93 -4.46 -9.39 1.88 7.68 1.88 -5.07 1.11 -3.34 4.68 -0.33 
2.9 4.33 7.95 -0.37 -2.54 -5.26 -2.28 1.49 2.98 8.33 2.23 -8.36 5.06 4.88 -2.91 7.34 -3.43 2.96 8.78 -1.65 6.7 -7.93 4.63 6.57 9.59 -2.68 -1.22 9.46 5.87 7.23 
9.33 6.98 -8.05 3.28 -7.99 7.92 -8.07 1.86 -8.88 -2.31 6.84 3.69 -8.75 4.45 -6.34 2.96 1.44 -2.01 5.33 -8.2 -6.29 -1.68 2.4 0.38 1.02 6.8 5.28 -0.19 -4.82 
-3.44 4.51 -2.24 -9.57 3.51 5.33 -1.36 -0.27 -0.74 5.25 1.18 6.82 1.37 6.59 3.88 -7.21 9.1 -9.4 3.14 2.03 5.36 -5.59 -5.66 -0.72 2.74 -7.63 -1.21 3.79 
-1.5 -0.66 -4.16 6.39 6.89 8.74 -8.3 1.51 7.61 1.93 7.89 0.43 4.86 -7.2 -6.44 -7.59 1.7 2.74 -4.08 0.01 -0.91 3.47 2.99 6.11 2.34 -6.64 -7.3 
4.04 -5.38 -2.9 7.87 -6.08 -7.0 0.46 5.92 -7.17 2.55 -4.04 -3.84 8.5 0.84 6.08 -7.02 -0.9 -9.63 -7.25 4.68 7.76 5.76 -9.95 -9.0 -0.54 -7.94 
-5.4 3.42 5.19 6.31 -5.7 1.33 7.56 0.03 -7.26 9.67 -3.49 0.34 -7.7 -2.17 -9.41 -0.23 -5.42 8.71 2.59 5.04 -7.85 -2.72 -8.01 0.21 -6.01 
-6.43 -2.73 4.07 7.15 -5.43 -6.05 2.72 -4.24 -9.71 -7.74 -1.34 -8.84 3.61 4.66 -0.39 -3.36 3.35 -4.84 -5.01 -2.75 6.74 4.33 -4.44 -2.56 
-0.01 -5.53 6.9 6.52 3.21 -6.89 -5.03 -1.52 1.7 -0.27 -9.8 5.12 5.66 3.62 -7.2 7.22 -6.75 -9.17 -1.21 2.5 7.43 1.16 -9.73 
-8.71 7.59 6.63 1.88 -8.11 -8.7 -9.98 -7.39 4.29 -1.13 7.15 -1.11 1.14 -7.21 5.91 -4.07 1.9 0.12 9.32 -8.5 9.43 -6.67 
-2.92 -2.69 7.19 -7.01 -8.41 2.18 -6.02 -5.66 9.2 7.4 1.59 6.83 9.8 8.01 -2.51 -0.18 9.87 -5.73 7.79 -5.55 -9.85 
8.87 -9.86 -0.19 -7.39 -3.75 7.24 6.64 -2.31 -9.4 -9.75 -7.59 9.48 -3.54 6.68 7.97 1.85 1.1 4.76 -0.77 -5.19 
9.1 -5.54 1.61 -0.77 -2.02 4.36 0.0 1.9 2.31 -5.52 5.79 -0.34 6.14 -2.46 1.68 6.45 9.22 0.04 -9.52 
-4.04 7.35 9.92 8.01 -2.29 -3.66 -5.63 -5.03 -9.39 7.1 -2.12 -5.85 8.1 -4.31 6.28 -9.79 1.74 -4.35 
0.13 -6.32 -4.85 -7.26 -9.61 6.11 6.49 -1.23 5.88 5.63 -2.18 2.68 -0.06 9.12 5.1 -6.27 -9.04 
3.11 -2.98 0.48 2.41 -2.46 -7.52 6.25 -7.35 6.63 5.21 3.0 -8.38 -8.09 8.77 5.52 4.49 
-6.22 -7.73 -3.74 4.55 -2.51 3.36 -9.62 7.23 -3.13 -2.2 3.23 5.83 -3.93 -7.95 -2.34 
-1.2 -1.79 4.3 9.85 4.64 3.2 3.4 -9.26 -3.35 -4.39 -7.92 5.79 0.51 -4.62 
-0.52 -8.59 4.68 8.65 -9.68 -4.6 6.76 4.02 -4.41 8.35 1.73 2.81 2.0 
-3.68 -3.59 -0.03 -7.37 -6.59 9.26 9.22 -0.98 1.35 3.22 9.98 0.07 
-3.18 5.26 -9.14 2.33 -6.45 4.96 -5.11 1.04 -4.6 1.88 -2.56 
2.42 -2.81 0.25 -0.81 -6.11 9.66 -3.85 -4.76 -9.34 -6.99 
-2.21 -2.68 9.73 -8.78 -7.38 -7.68 -4.83 0.27 9.53 
8.3 -1.07 2.93 -7.41 -7.36 3.85 -6.11 -0.62 
6.25 -3.59 6.46 4.3 -5.57 -8.24 2.99 
-8.06 -5.83 6.52 -6.79 -1.12 7.46 
-1.46 -8.08 5.89 1.45 -4.0 
3.45 -6.65 -7.46 2.2 
9.66 9.73 -8.16 
-5.47 4.21 
4.7 
