50
27 47 38 24 8 40 29 12 45 45 32 29 8 37 37 28 47 12 45 19 33 5 21 23 31 24 5 49 7 9 2 5 32 19 41 25 28 5 34 3 14 32 5 11 13 36 4 15 39 26 
1 4 5 7 8 10 12 16 18 19 20 21 22 24 25 27 28 29 31 36 38 42 44 45 47 48 49 
1 2 3 4 5 6 7 8 9 11 12 13 14 15 16 17 18 19 20 21 22 23 24 25 27 28 29 30 31 32 33 34 35 36 38 39 40 41 42 43 44 45 46 47 48 49 50 
2 5 6 7 8 9 10 11 12 13 14 15 18 20 21 22 23 24 26 28 29 30 31 32 33 34 36 37 38 39 41 42 43 44 45 47 48 49 
1 4 5 6 8 10 11 13 14 15 17 18 19 21 22 25 30 32 37 39 40 44 47 49 
2 3 37 42 43 45 27 29 
1 2 5 6 8 10 11 12 13 14 15 16 17 18 19 20 21 22 23 24 25 27 29 31 32 33 34 35 36 37 38 39 41 43 44 45 46 47 49 50 
1 2 3 5 7 8 9 13 14 15 17 18 21 22 23 28 29 31 33 35 36 37 38 42 44 45 46 48 49 
3 35 36 5 41 10 44 16 49 19 22 28 
1 2 3 4 5 6 7 9 11 12 13 14 15 16 17 18 19 20 21 22 23 24 25 26 27 28 31 32 33 34 35 36 37 38 39 40 41 42 43 44 46 47 48 49 50 
1 2 3 4 5 7 8 10 11 12 13 14 15 16 17 18 19 20 21 22 24 25 26 27 28 29 30 31 32 33 34 35 36 37 38 40 41 42 43 44 45 46 47 48 50 
1 2 3 4 7 8 10 12 14 16 17 18 22 25 26 28 29 30 32 34 35 37 38 39 40 42 43 44 45 47 49 50 
1 4 7 9 10 11 12 13 15 16 18 19 20 23 24 27 30 32 33 34 36 37 39 41 42 43 44 45 46 
4 36 37 39 46 19 25 28 
1 2 3 4 5 6 7 8 10 11 13 14 16 19 20 21 24 25 26 27 29 30 32 34 36 37 38 40 41 42 43 44 46 47 48 49 50 
1 2 3 4 7 8 9 11 12 14 16 17 18 19 21 22 23 24 25 26 27 28 29 30 35 36 37 38 39 40 42 43 44 45 46 47 48 
2 3 4 6 8 10 11 12 15 16 17 18 20 21 22 23 24 28 29 30 33 34 37 39 40 41 43 48 
1 2 3 4 5 6 7 8 10 11 12 13 14 15 16 17 19 20 21 22 23 24 25 26 27 28 29 30 32 33 34 35 36 37 38 39 40 41 42 43 44 45 46 47 48 49 50 
34 7 8 41 46 15 20 21 22 25 26 29 
1 2 3 5 6 7 8 9 12 13 14 15 16 17 18 19 21 22 23 24 25 26 27 28 29 30 31 32 33 34 35 36 37 38 39 40 41 42 43 45 46 47 48 49 50 
1 2 8 10 11 14 15 16 21 24 26 33 36 38 40 42 44 49 50 
2 5 6 7 8 10 11 13 14 15 17 18 19 20 21 23 24 28 31 32 33 35 36 38 40 41 43 44 45 46 47 48 50 
33 5 39 14 16 
3 4 6 7 8 15 19 21 22 23 27 30 32 36 37 40 43 44 45 46 48 
4 5 8 9 11 12 13 14 22 24 27 31 32 34 35 36 37 38 40 44 46 48 50 
2 3 4 8 9 10 11 13 14 15 16 21 24 25 26 27 28 29 30 31 32 37 38 39 42 43 44 46 47 48 50 
1 4 5 6 7 12 13 14 15 16 19 24 25 26 30 31 32 35 38 41 45 46 47 50 
35 8 12 16 21 
1 2 3 4 5 6 7 8 9 10 11 13 14 15 16 17 18 19 20 21 22 23 24 25 26 27 28 29 30 31 32 33 34 35 36 37 38 39 40 41 42 43 44 45 46 47 48 49 50 
1 34 35 6 45 16 27 
34 5 40 9 42 12 13 23 24 
10 26 
37 38 11 13 50 
2 5 6 7 8 9 11 12 14 16 19 20 21 22 23 27 28 29 31 32 33 35 36 37 38 41 43 44 46 48 49 50 
2 8 9 11 14 18 19 22 24 25 28 29 33 34 38 39 44 48 49 
1 2 3 4 5 6 7 8 10 11 13 14 15 16 17 18 19 21 22 23 24 25 28 29 30 31 32 33 34 35 37 39 40 41 42 43 44 46 47 49 50 
1 3 7 9 10 11 14 15 16 18 19 20 21 23 26 31 32 33 36 39 40 42 43 45 46 
2 5 6 11 13 15 16 18 19 21 23 24 25 28 30 31 32 33 36 37 39 40 42 43 46 47 49 50 
36 6 10 25 27 
1 3 5 6 7 9 10 13 14 15 18 20 24 25 26 27 28 29 30 33 35 36 37 38 39 40 42 43 44 45 46 47 49 50 
17 29 13 
32 1 35 36 37 38 40 10 12 13 47 49 22 25 
1 2 3 5 6 7 8 9 10 11 12 14 17 19 21 23 24 28 32 34 35 36 37 38 40 42 43 44 45 47 48 50 
1 4 46 48 23 
1 5 7 43 44 11 13 47 19 26 27 
35 36 37 6 39 40 11 12 13 45 44 50 30 
1 2 3 4 5 6 7 8 9 10 13 16 17 20 21 22 23 24 25 28 29 30 31 32 33 34 36 37 39 41 43 44 45 48 49 50 
43 11 36 12 
1 36 37 38 39 40 41 42 43 47 15 50 19 29 31 
1 2 3 4 5 6 7 8 9 10 11 12 14 15 19 20 21 22 23 24 25 26 28 29 31 34 35 36 38 39 40 41 43 45 46 47 48 49 50 
1 2 5 6 10 13 14 15 16 19 21 23 25 27 29 30 31 32 36 37 40 44 45 46 48 49 
8.23 -4.04 9.1 -9.54 -2.52 -4.53 7.43 0.87 -5.38 0.94 -6.41 -2.27 -6.01 9.21 7.91 7.3 -2.25 -3.89 3.75 3.73 -6.01 -9.11 9.69 5.83 6.43 5.76 -9.86 -7.59 -7.15 -0.68 2.46 -5.08 -4.32 8.8 9.91 -0.63 -0.93 -6.19 6.83 -3.83 -4.32 -1.61 9.34 -7.62 -6.24 6.47 -9.43 4.46 2.43 4.14 
-0.64 -1.63 -2.7 3.24 2.63 7.48 -2.18 1.33 -0.36 -6.61 -5.7 -0.72 -8.61 -4.18 -4.89 -6.23 -0.32 1.76 -1.83 0.97 -5.56 6.02 -5.79 8.8 6.29 -2.64 5.85 9.11 1.3 4.95 9.49 -4.82 0.99 9.54 4.4 -3.15 6.42 -5.57 -8.25 1.59 -6.5 -4.47 -6.23 -4.77 -9.4 -6.24 -4.97 8.98 1.75 
7.63 5.9 1.87 -5.15 -4.93 -0.24 0.02 -3.58 -6.7 -6.19 -2.43 0.11 6.76 1.88 -9.19 2.97 7.89 -5.53 -1.24 7.92 -8.18 5.67 -7.43 -9.4 -2.08 9.61 1.37 -1.57 2.63 -6.55 3.68 3.21 -9.48 1.43 -7.14 1.51 -1.82 1.93 2.44 4.44 6.03 1.56 -8.04 3.83 9.39 -1.79 -7.64 4.77 
-5.94 4.68 2.69 0.68 -8.23 5.93 0.18 -6.84 4.11 -5.11 -7.21 -9.8 5.91 -7.09 1.0 -0.57 -1.26 0.55 6.6 -0.22 -0.06 6.53 8.69 7.1 -3.24 -6.81 6.01 -9.07 5.53 8.26 -5.81 -2.66 9.32 5.76 4.76 9.43 -4.44 -5.71 -6.61 -9.19 -2.09 6.82 -0.56 7.44 -2.65 4.65 8.63 
7.25 7.65 -5.62 8.72 3.36 -8.85 7.43 -3.67 5.42 3.91 0.4 1.28 7.44 6.15 7.13 -6.35 4.86 -9.57 -4.9 -5.16 -0.3 -2.49 -3.04 3.59 -7.19 -9.93 5.61 -8.54 1.09 -4.3 8.66 -9.8 0.55 -6.94 7.93 -4.4 -4.38 -1.67 -4.96 -6.32 0.83 -4.98 -8.67 -1.74 3.15 7.79 
5.57 2.61 -2.23 -1.33 -8.39 7.81 -8.95 9.09 1.64 7.06 -7.69 4.81 -1.24 9.55 5.3 5.74 2.38 -6.45 2.16 6.39 4.49 9.47 -4.95 -0.7 -9.87 -5.93 8.1 -0.37 -7.44 -1.75 -3.9 -9.65 -9.56 -6.46 1.53 -0.47 -3.62 -4.81 3.62 0.14 0.07 9.46 9.36 -1.64 3.44 
-4.22 0.49 9.14 5.03 -2.12 -9.85 -3.38 6.7 -3.28 4.19 8.82 -4.03 -7.47 -6.11 9.41 3.2 6.07 2.84 5.64 -2.4 -1.75 0.05 -4.0 3.89 1.05 -4.42 4.28 5.14 3.26 5.7 -1.64 -2.24 3.39 -9.12 -9.21 6.53 7.31 7.64 -4.14 4.76 4.24 2.59 7.35 -2.37 
-1.6 4.16 5.33 3.33 -3.85 6.85 -2.88 9.17 5.91 0.99 1.84 7.71 0.13 3.56 -6.17 -9.27 -4.17 -4.5 8.13 3.42 -1.24 7.43 -0.26 6.15 1.38 -8.52 -2.16 8.09 0.44 8.3 -3.22 9.68 -6.16 6.83 -8.88 -0.87 -3.88 4.11 -1.94 -3.01 -0.8 5.38 -9.16 
2.31 -6.04 2.22 -2.38 4.43 1.7 -5.76 -2.01 5.91 3.45 4.6 -5.84 -7.13 6.66 -2.85 4.78 2.64 -0.4 -1.28 5.64 5.9 5.02 0.06 7.19 6.81 7.1 -9.65 9.83 -3.31 7.49 4.84 8.79 4.3 0.39 0.29 5.59 -9.63 -6.33 7.38 7.68 0.7 -7.58 
-4.38 -5.11 1.28 4.09 -4.98 1.21 9.46 8.77 9.3 6.95 -7.32 6.3 -0.33 6.83 7.03 -5.9 9.16 -6.0 0.45 8.28 1.99 9.38 -1.57 -0.55 -5.85 -7.87 -7.19 9.61 -0.96 -7.85 -9.77 -3.67 5.16 3.11 -4.25 8.17 -1.66 -2.19 4.55 -1.05 4.62 
-2.39 9.4 -6.11 1.35 -0.16 -7.72 7.81 0.92 7.96 -9.71 5.06 -1.71 -0.73 -5.21 1.72 -2.32 -7.55 1.44 6.82 0.36 -9.55 -4.82 -6.17 -7.02 -4.38 -1.85 -1.92 -1.16 2.2 -1.83 2.48 -6.17 6.5 -1.33 -4.26 -5.77 9.0 -9.6 1.49 -8.74 
1.74 -5.62 -0.51 -7.38 8.04 -5.4 3.03 8.75 -5.56 2.3 -7.5 4.46 -9.76 -1.24 2.37 -2.16 -2.29 -6.3 -0.36 3.09 9.37 -8.01 -7.72 3.69 -2.65 -2.44 -1.59 -3.21 7.84 7.53 6.01 -2.94 -6.58 4.06 -5.11 2.07 5.01 0.67 5.46 
-4.27 -9.98 -0.19 1.99 9.23 6.79 3.36 4.49 4.04 4.39 3.99 -4.38 9.29 2.24 5.04 -7.79 5.64 5.2 -7.08 -5.33 6.61 -1.02 -6.82 4.94 6.12 -9.11 -0.12 -8.56 6.54 8.92 6.23 8.59 -5.12 2.0 3.62 0.54 8.45 1.39 
8.28 4.28 2.05 -0.86 -1.38 -1.29 6.63 7.41 -2.43 4.92 -9.97 -7.94 -7.14 -9.39 -8.36 -4.86 3.35 -5.15 -1.6 4.45 1.02 -9.67 -0.25 1.58 -2.21 -4.66 2.57 -8.46 -7.17 -6.97 9.22 -9.14 -0.8 4.51 -2.17 -2.23 1.13 
0.59 -7.9 -8.89 4.22 5.78 1.81 8.88 4.25 -2.11 -1.67 -3.73 5.45 4.29 4.56 -1.26 -1.17 7.78 3.92 0.3 0.69 4.22 -9.57 1.69 2.36 7.17 -0.63 -8.76 1.35 0.07 9.81 3.53 -2.81 -2.4 2.96 -8.28 6.69 
-0.71 8.96 -8.08 1.41 4.06 -1.88 -6.96 7.61 0.79 5.23 8.74 -2.33 -5.96 3.84 9.8 6.2 -3.23 5.1 -1.09 -6.83 -4.45 -0.73 -3.91 -0.15 -3.25 -2.33 -5.91 7.17 1.08 -1.18 1.6 9.59 -8.01 7.76 -1.28 
-3.42 9.11 -2.4 -3.39 -8.11 9.05 2.43 -0.81 -2.86 -0.25 7.31 2.89 6.21 6.84 1.05 6.01 4.56 0.44 2.17 -9.73 1.83 8.8 -0.37 1.61 -9.11 5.88 -4.8 9.04 3.66 -4.39 -9.24 -8.56 -0.78 -7.01 
8.79 0.72 -6.16 -7.43 5.54 1.09 6.28 -4.71 2.57 -4.94 6.04 -0.21 4.28 8.8 -3.44 0.79 -5.62 2.9 -4.7 5.46 7.65 5.93 6.34 -3.49 6.62 -0.77 -6.58 -8.5 3.55 8.51 3.19 -5.46 -2.94 
-9.14 -4.19 7.93 7.34 -8.54 9.17 5.87 -6.65 -0.21 -7.09 -4.72 3.79 8.71 6.03 -3.17 -4.97 0.87 7.9 -0.93 -4.85 -6.11 -1.76 9.8 4.72 3.66 0.65 -4.04 -5.92 6.58 -5.03 1.25 -7.61 
-1.14 7.82 4.52 -6.67 4.0 -6.2 -2.15 5.11 -0.18 -2.81 -7.14 -3.44 -5.99 -3.42 6.67 2.15 -0.64 7.62 6.95 3.85 5.35 -8.58 -3.95 -3.92 -9.18 -1.88 9.04 -0.02 9.22 -0.9 9.92 
6.77 -8.49 -0.65 -8.19 5.91 7.91 8.43 9.02 -9.92 -9.31 -3.85 5.97 -1.69 5.09 -1.41 0.09 -6.37 7.74 -8.61 -7.46 3.68 -4.29 -9.17 6.13 -0.81 8.07 -8.01 0.33 8.79 -4.2 
-4.75 8.0 -7.03 1.88 -4.62 -5.99 7.29 0.46 6.57 0.63 3.87 -9.95 9.88 1.66 4.13 -5.8 -9.55 -9.01 -8.06 3.71 6.23 -7.57 -1.72 -4.07 8.82 0.25 -0.41 -3.56 -8.57 
8.64 -7.74 9.8 7.3 -8.99 5.18 2.53 -5.04 -9.92 9.93 7.72 -5.22 6.48 7.12 -9.57 4.22 3.35 8.53 -3.95 9.61 -1.48 7.32 4.05 0.51 7.32 4.96 8.05 -5.86 
1.25 -3.19 8.69 3.34 -9.22 -6.57 -2.1 -2.83 1.69 3.33 -5.76 9.73 2.97 7.83 5.16 -6.39 6.36 -9.19 -3.72 -0.5 -9.83 -9.19 -7.25 1.64 7.43 -3.66 2.08 
-0.8 -8.59 5.62 1.35 -9.81 -4.36 -8.26 0.58 -7.4 2.25 -5.67 3.68 -6.28 -4.1 -1.25 -2.03 -9.07 -3.16 2.37 -1.14 -3.47 2.49 -1.54 -6.9 4.16 5.36 
8.49 7.62 -7.06 8.45 4.55 -6.46 7.81 3.49 -1.98 1.91 5.5 -5.87 -8.18 6.75 -8.98 4.12 -7.98 8.7 -1.68 2.57 -9.2 -0.87 2.29 8.89 -4.76 
-4.87 9.65 9.5 7.5 -8.11 1.98 -8.83 5.05 7.16 1.0 -9.31 4.85 -9.18 -4.1 2.09 -1.26 1.21 -5.89 -8.5 6.46 1.55 -3.8 -8.72 0.08 
2.18 2.04 -7.58 -3.97 0.38 1.34 -3.24 -9.17 -1.34 -5.0 4.37 4.13 -1.42 -8.11 4.37 -5.36 8.09 -1.5 4.35 7.62 5.32 3.74 -3.41 
1.69 0.87 7.29 -0.21 -2.08 1.39 -1.37 8.03 0.85 -0.18 -8.87 -0.14 -0.59 0.14 5.73 -2.62 -5.28 -4.92 2.28 0.29 1.57 -4.97 
4.99 4.26 -6.27 -9.9 7.97 -4.29 -1.75 6.19 -6.6 -7.77 9.17 -3.11 -3.56 5.82 7.1 1.84 8.46 5.99 -1.37 7.61 -3.08 
0.73 -7.14 -6.41 -6.74 7.47 -8.07 7.09 -8.27 -5.59 -0.93 0.6 -6.59 9.38 -9.18 2.0 -3.72 7.14 0.56 -7.27 -2.33 
1.43 7.54 -3.11 -5.8 7.47 2.11 -0.11 1.14 6.6 -0.63 7.07 9.1 5.66 2.79 1.26 -2.94 4.15 -8.04 8.84 
1.21 -4.18 -5.73 -3.6 -7.89 -5.27 5.3 -5.79 2.76 5.34 0.79 -9.76 -7.77 6.1 9.65 5.91 -0.89 3.21 
6.66 -2.72 4.17 -1.76 4.2 8.15 3.05 -2.23 -2.93 8.87 -9.58 -4.72 -5.86 0.73 -1.54 -9.87 7.19 
-7.72 9.54 -6.77 -9.91 4.05 5.2 5.59 0.89 0.3 -8.31 9.09 -9.85 -0.37 -0.46 2.86 -4.7 
-5.6 5.16 4.14 -9.4 5.84 -6.33 -7.82 -7.2 -4.98 -8.75 3.83 1.62 0.65 -8.33 -4.42 
-8.55 4.79 -7.92 5.33 2.95 -0.68 6.51 7.43 -4.72 8.15 -8.6 2.94 6.71 8.22 
8.48 3.44 6.53 -8.32 4.38 7.25 2.5 8.33 -8.74 2.92 -4.85 1.38 -6.71 
7.46 -8.1 -9.67 -1.54 -4.47 6.13 -5.48 1.08 -5.14 5.19 -5.86 -4.01 
4.86 3.13 0.41 -8.97 -8.0 3.24 -8.62 -8.79 -2.46 0.93 -7.49 
9.4 5.0 6.8 -5.87 3.95 -2.35 -0.55 -1.88 5.56 8.82 
-3.95 -2.91 -5.03 -3.59 -8.99 -5.42 -3.11 -3.57 -6.89 
5.36 0.92 5.26 -8.45 -0.82 3.08 -7.25 -9.06 
4.43 9.61 2.72 1.87 -5.49 5.94 -5.29 
-2.6 0.82 4.32 -4.59 7.13 -9.11 
4.39 0.13 3.09 -9.98 0.87 
4.38 6.45 8.47 -5.57 
-3.41 -3.67 -0.12 
0.31 -3.84 
-5.68 
