100
64 45 71 7 28 38 96 88 33 74 6 86 17 9 99 93 36 49 8 24 76 92 70 48 67 80 22 64 63 52 82 82 87 99 67 92 70 23 67 92 10 43 93 32 71 55 97 62 5 15 11 57 58 12 50 58 78 4 54 51 92 28 42 64 68 54 8 65 9 98 65 1 8 41 92 20 79 9 84 1 62 64 54 63 46 45 17 64 11 60 92 68 0 29 29 79 44 98 5 2 
1 3 5 6 7 8 10 11 12 13 15 16 17 19 20 21 22 23 26 28 29 30 31 32 33 34 35 36 37 38 40 41 42 44 45 46 47 49 51 55 57 58 60 61 62 64 66 69 70 71 72 73 75 76 80 82 88 89 93 94 95 96 98 99 
1 3 4 5 7 8 9 14 15 19 21 26 27 29 32 33 37 38 41 44 45 46 50 53 54 56 57 59 61 64 65 67 68 73 80 86 87 89 90 91 92 95 97 99 100 
2 3 5 6 8 9 10 11 12 13 14 16 17 18 19 20 22 23 24 25 27 28 30 31 32 33 34 35 36 37 38 39 42 43 45 47 48 50 51 52 53 55 57 59 60 61 64 65 67 68 69 71 72 75 76 77 78 79 81 82 84 87 88 89 90 91 92 93 98 99 100 
1 4 7 75 13 23 59 
2 3 4 9 14 16 18 26 29 30 44 46 52 53 55 57 60 62 66 67 68 69 70 76 86 94 97 99 
2 3 7 12 13 14 18 19 21 22 23 26 27 34 35 36 39 41 44 46 53 54 55 59 62 64 65 69 73 75 77 79 88 93 96 97 98 99 
1 2 3 4 5 6 7 8 9 10 11 12 13 14 15 16 17 18 19 20 21 22 23 24 26 27 28 29 30 31 32 33 34 35 36 37 38 39 40 41 42 43 44 45 46 47 48 49 50 51 52 53 54 55 56 57 58 60 62 63 64 65 66 67 68 69 70 71 72 73 74 75 76 77 78 79 80 81 82 83 84 85 86 87 88 89 90 91 92 93 94 95 97 98 99 100 
1 2 3 4 5 6 8 9 10 11 12 13 14 15 18 19 20 21 22 23 24 26 27 28 29 30 31 32 34 35 36 37 38 39 40 42 43 45 46 47 48 49 51 52 53 54 55 56 57 58 60 61 62 63 64 65 67 70 71 72 73 74 75 76 77 78 79 80 81 82 83 84 85 86 87 88 89 90 91 92 93 94 95 96 97 98 99 100 
1 3 4 6 7 9 10 16 25 26 32 34 35 42 44 46 47 48 49 53 54 55 57 69 70 72 77 81 83 85 95 98 100 
1 2 3 4 6 7 9 11 12 13 14 15 17 18 19 20 21 22 23 24 26 28 31 32 33 34 35 36 37 38 40 41 42 43 45 46 47 49 50 51 52 53 55 58 59 60 62 63 64 65 67 68 69 70 72 75 76 77 78 81 82 83 84 85 86 88 90 92 93 94 95 97 98 100 
1 8 9 42 16 87 
1 2 3 4 7 11 12 13 14 15 16 17 21 22 23 24 25 26 28 29 30 31 32 33 34 35 36 37 39 40 41 42 43 44 45 46 47 48 49 52 53 54 55 56 57 58 59 61 62 63 64 65 66 67 68 69 70 71 72 73 74 75 76 77 78 79 80 81 82 83 84 85 87 88 89 90 91 92 93 94 95 96 97 98 99 100 
2 72 73 27 42 12 60 47 83 19 23 88 24 26 59 92 95 
73 10 13 78 80 16 19 85 55 
1 2 3 4 6 7 8 9 10 11 12 13 14 15 16 17 18 19 20 21 22 23 24 25 26 27 28 29 30 31 32 33 34 35 36 37 38 39 40 41 42 43 44 45 46 47 48 49 50 51 52 53 54 55 56 57 58 59 60 61 62 63 64 65 66 67 68 69 70 71 72 73 74 75 76 77 78 79 80 81 82 83 84 85 86 87 88 89 90 91 92 93 94 95 96 97 98 99 100 
1 2 3 4 5 6 7 8 9 10 12 15 16 17 19 20 21 22 23 24 25 26 27 28 29 30 31 32 33 34 35 36 37 38 39 40 42 43 44 45 46 47 48 49 50 51 52 53 54 55 56 57 58 59 60 61 62 63 64 65 66 67 68 69 70 71 72 73 74 75 77 78 79 80 81 82 83 84 85 86 87 89 90 91 92 93 94 95 96 97 98 99 100 
4 6 9 18 20 23 24 25 32 41 43 44 45 46 47 48 49 56 62 63 64 66 69 70 71 74 76 79 80 82 87 90 91 93 96 97 
6 7 8 11 13 14 15 16 18 19 20 21 22 27 28 30 32 33 34 35 36 37 38 39 43 45 47 49 51 55 56 58 59 62 63 64 69 70 74 78 82 83 85 86 87 91 97 99 100 
32 2 37 41 22 55 25 92 
1 4 6 11 29 34 35 38 41 42 47 51 55 59 71 72 76 78 87 91 94 96 97 100 
1 2 3 4 5 6 8 9 10 11 12 14 15 16 17 19 20 21 22 23 24 25 26 27 29 30 31 33 34 35 36 37 38 40 41 42 43 47 48 49 50 51 52 53 56 57 58 59 61 62 64 66 67 68 70 71 72 75 76 77 78 80 81 84 85 86 88 90 91 92 93 94 96 97 99 100 
1 3 5 6 7 8 9 10 11 12 13 14 15 17 18 19 20 21 22 23 25 26 27 28 29 30 31 32 33 35 36 37 38 39 40 42 43 44 45 46 47 48 49 50 51 52 53 54 55 56 57 58 59 60 61 62 63 64 65 66 67 68 70 71 73 74 75 76 77 78 79 80 81 82 83 84 85 86 87 88 89 90 91 92 93 94 95 96 97 98 99 100 
1 4 5 6 7 8 9 10 12 13 15 16 17 19 20 21 22 25 26 27 28 31 32 34 35 37 38 40 41 42 45 46 47 48 51 52 55 57 58 59 60 61 63 65 66 68 69 70 71 73 74 75 77 79 80 81 82 83 84 86 87 88 89 90 91 94 95 96 99 100 
2 3 5 6 8 12 14 15 16 17 18 23 24 27 28 29 32 33 34 36 38 40 43 44 47 48 50 51 52 54 55 61 62 65 66 68 72 76 77 82 83 87 89 90 91 94 95 100 
1 3 4 5 6 7 8 9 11 12 13 17 18 19 20 22 23 25 26 27 28 29 30 31 32 33 34 35 37 38 39 40 42 43 44 45 46 47 48 49 50 51 53 55 57 63 64 65 69 71 72 75 78 80 82 84 85 86 87 88 90 91 94 95 96 98 99 
1 2 3 4 5 8 9 10 11 12 13 15 16 18 19 20 22 23 27 29 31 33 34 35 36 37 38 39 40 41 42 43 44 45 47 48 49 50 51 52 54 55 57 58 59 60 62 63 64 65 66 67 68 69 71 72 73 74 77 78 80 81 82 83 84 85 86 87 89 90 91 92 93 94 95 96 97 98 99 100 
1 2 11 13 19 21 26 30 38 43 44 50 54 56 59 62 70 81 82 86 94 96 
1 2 4 6 7 9 10 12 13 14 15 16 21 22 23 24 26 28 30 32 35 36 37 41 42 44 46 47 48 51 53 54 55 58 59 61 62 64 65 67 68 69 71 72 73 74 75 76 78 79 80 81 82 83 85 87 88 89 92 94 95 97 99 100 
5 6 7 8 9 10 11 12 14 15 16 17 18 19 20 21 22 23 24 25 27 30 31 32 33 34 36 37 38 39 40 41 43 44 47 50 51 52 54 56 57 58 60 64 66 68 70 71 77 78 79 80 82 84 85 88 92 93 94 95 96 98 100 
3 5 6 7 8 10 12 17 22 25 26 27 29 31 34 36 37 38 43 44 46 49 50 51 52 53 54 56 57 58 60 61 64 66 67 68 72 75 76 78 79 84 85 86 87 89 92 94 97 98 99 100 
1 2 3 5 6 7 8 9 10 11 12 14 16 18 20 22 23 24 26 27 29 30 32 33 34 35 36 37 38 39 40 41 43 44 45 46 47 48 49 50 51 52 53 54 55 56 58 59 61 62 63 64 65 66 67 68 69 70 71 72 73 74 75 76 77 78 79 80 81 82 84 85 86 87 89 91 93 94 95 96 98 100 
1 2 3 4 5 8 9 10 11 12 13 14 15 16 17 18 19 20 22 23 24 26 27 29 30 31 33 34 35 36 37 38 40 43 45 46 47 48 49 50 51 52 53 54 55 56 57 58 59 60 61 62 63 64 65 67 68 69 70 72 73 75 77 78 79 81 82 83 84 85 86 87 88 89 91 92 94 96 97 98 99 100 
1 2 3 4 5 6 7 8 9 10 11 12 13 14 15 16 17 18 19 20 21 22 23 25 26 27 28 29 30 31 32 33 34 35 37 39 40 42 43 44 45 46 47 48 49 50 51 52 53 54 55 57 58 59 60 63 65 66 67 68 69 70 71 72 73 74 75 76 77 78 79 80 81 82 83 84 85 86 90 91 92 93 94 95 97 98 99 
1 2 3 4 5 6 7 8 9 10 11 12 13 14 15 16 17 18 19 20 21 22 23 24 25 26 27 28 29 30 31 33 34 35 36 37 38 39 40 41 42 43 44 45 46 47 48 49 50 51 52 53 54 55 56 57 58 59 60 61 62 63 64 65 66 67 68 69 70 71 72 73 74 75 76 77 78 79 80 81 82 83 84 85 86 87 88 89 90 91 92 93 94 95 96 97 98 99 100 
1 2 4 5 7 8 9 10 13 16 17 18 19 21 23 24 25 26 27 28 29 32 33 34 36 38 39 40 41 42 46 47 48 51 52 53 54 55 56 57 58 59 60 61 62 63 64 65 67 69 71 73 74 75 77 78 79 83 85 86 88 91 92 93 95 97 99 
1 2 3 5 6 7 8 9 12 13 14 15 16 17 18 19 20 21 22 23 24 25 26 27 28 29 30 31 32 33 34 35 36 37 38 39 40 41 43 44 45 46 47 49 51 52 53 54 55 56 57 58 59 60 61 62 63 64 65 66 67 68 69 70 71 72 73 74 75 76 77 78 79 80 81 82 83 84 85 86 88 89 90 91 92 94 95 96 97 98 99 100 
4 5 6 7 8 9 10 11 12 13 15 18 20 21 22 24 25 28 29 32 33 34 35 36 37 38 39 40 41 42 43 45 46 48 49 50 52 53 54 55 56 57 58 59 60 61 62 63 65 67 68 70 71 72 73 74 79 80 81 82 83 84 86 88 93 95 96 97 99 100 
1 4 6 12 19 22 24 29 39 42 43 49 50 51 60 65 67 68 76 77 89 95 100 
3 6 7 9 10 12 13 14 15 18 20 22 23 24 25 26 28 30 32 33 34 35 36 37 38 40 41 44 45 46 47 49 50 51 52 56 57 58 59 61 62 63 64 65 67 68 69 71 72 73 74 75 77 81 83 84 85 88 89 90 91 92 93 95 97 99 100 
1 2 3 4 5 6 7 8 9 10 11 12 13 14 15 16 18 19 20 21 22 24 25 26 27 28 29 30 31 32 33 34 35 36 37 38 39 40 41 42 43 44 45 46 47 48 49 50 51 52 53 54 55 56 57 58 60 61 62 63 64 66 68 69 70 71 72 73 75 76 77 78 79 80 81 82 83 84 85 86 87 88 89 90 91 92 93 94 96 97 98 99 
96 100 36 75 12 92 26 27 28 63 
1 3 4 9 10 11 15 18 21 23 27 31 32 33 36 37 38 44 46 48 50 52 59 64 65 66 67 68 72 73 74 75 76 78 80 87 88 89 92 95 96 97 100 
1 2 3 4 5 6 7 8 9 10 11 14 17 18 19 20 21 22 23 24 25 26 27 28 30 31 32 33 34 35 36 37 38 39 40 41 42 44 45 46 47 48 49 50 51 52 53 54 55 56 57 58 59 60 61 62 63 64 65 66 67 68 69 70 71 72 73 74 75 76 77 78 79 80 81 82 83 84 85 87 88 89 90 91 92 93 94 95 96 97 98 99 100 
2 6 10 16 24 29 40 42 43 44 49 51 54 55 56 57 58 59 61 66 67 70 71 84 88 90 91 92 93 94 96 97 
2 3 4 5 6 7 8 9 13 14 15 16 18 19 22 23 24 25 26 27 29 30 31 32 33 34 36 37 38 39 40 41 42 43 44 47 48 51 52 53 55 56 58 59 60 62 63 67 69 70 72 73 75 76 78 80 81 82 83 84 85 87 88 91 92 93 94 96 98 99 100 
4 6 7 10 11 14 15 17 18 19 20 22 24 25 27 29 30 31 32 33 34 35 36 38 40 41 44 45 46 47 48 49 51 52 53 56 58 63 64 74 75 78 80 81 82 84 86 87 88 89 90 93 95 96 100 
1 3 4 5 6 7 8 9 10 11 12 13 14 15 16 17 18 19 20 21 22 23 24 26 27 28 29 30 31 32 33 34 35 36 37 38 39 40 41 42 43 44 45 46 47 48 49 50 51 52 53 54 55 56 57 58 59 60 61 62 63 65 66 67 68 69 70 71 72 73 74 75 76 77 78 79 80 81 82 83 84 85 86 87 88 89 90 91 92 93 94 95 96 97 98 99 100 
2 4 5 6 7 9 10 12 15 16 17 18 19 21 23 24 25 26 34 39 40 42 43 44 46 47 48 49 51 52 55 56 57 59 60 62 63 64 65 66 67 68 70 71 72 73 74 75 76 77 79 80 81 83 85 89 92 96 97 98 99 100 
97 52 26 93 95 
64 33 98 4 90 5 39 44 14 78 84 89 58 27 63 
32 33 35 100 70 8 72 48 50 26 60 
1 3 7 8 9 10 11 12 13 14 17 22 23 24 25 26 29 31 32 33 35 36 37 39 43 45 46 49 50 51 55 56 57 58 59 60 61 62 63 64 65 66 71 76 79 81 82 85 87 89 90 91 92 94 95 99 100 
2 3 4 5 6 8 11 12 13 14 15 17 18 19 21 22 23 26 30 31 34 36 37 38 39 40 43 44 50 51 53 54 57 59 62 65 66 67 68 70 72 73 75 79 80 81 82 83 84 85 86 90 91 92 93 97 99 100 
97 6 71 8 73 42 11 44 77 15 21 53 
3 6 7 8 12 16 22 24 25 27 30 31 33 35 37 39 40 42 45 46 47 49 54 55 57 58 59 60 61 63 66 67 68 70 71 73 75 77 79 80 81 82 83 84 91 92 95 97 99 100 
1 2 3 6 7 8 11 12 14 15 16 17 18 19 20 21 22 24 25 26 27 30 31 34 36 37 42 44 45 48 50 51 52 53 55 61 62 63 65 66 67 71 73 74 76 77 78 80 83 87 88 90 93 94 96 97 98 100 
1 2 3 5 6 7 8 9 10 11 13 14 15 16 18 19 20 21 22 25 26 28 30 31 32 33 34 35 37 38 39 41 42 44 46 47 48 49 50 51 53 56 58 59 60 61 62 63 64 65 66 68 69 71 72 73 74 77 80 81 82 83 84 85 86 87 88 89 90 91 92 93 94 96 97 98 99 100 
99 66 35 31 
1 3 4 7 9 10 12 13 14 15 16 17 19 22 24 26 27 28 31 32 34 35 40 42 43 45 47 49 51 53 55 56 57 58 59 61 63 64 65 68 70 73 74 79 82 85 86 88 89 90 94 95 98 100 
2 5 6 10 12 15 17 21 24 25 27 29 36 38 39 41 43 44 45 47 48 50 53 57 59 60 62 67 69 71 73 75 76 78 79 80 81 82 83 84 85 86 87 89 92 93 95 96 97 99 100 
1 2 3 4 5 6 7 8 9 10 11 12 13 14 15 16 17 20 21 23 24 25 26 27 28 29 30 31 32 33 34 35 36 37 38 39 40 42 43 44 45 46 47 48 49 50 51 52 53 54 55 56 57 58 59 60 61 62 64 65 66 67 68 70 71 72 74 76 77 78 79 80 81 82 83 84 85 86 87 88 89 90 91 92 93 94 95 96 97 98 99 100 
2 3 13 17 22 26 27 28 31 32 35 39 40 51 54 66 68 71 79 80 81 83 87 89 90 94 98 99 
5 7 11 12 15 17 19 20 22 25 26 27 29 30 32 33 36 37 38 42 45 46 47 48 52 57 59 61 62 64 76 79 80 81 82 85 86 89 92 94 99 100 
1 2 3 4 5 7 8 10 12 13 14 16 17 19 20 21 22 24 25 28 30 31 33 34 36 38 41 42 43 44 46 47 48 49 51 52 56 58 59 60 61 62 63 64 66 67 72 74 76 78 80 81 82 83 86 88 89 90 92 93 94 97 99 100 
2 3 4 5 6 7 8 9 13 15 16 17 19 20 21 23 25 27 30 31 32 33 35 38 41 42 44 45 47 50 51 52 54 55 56 57 58 61 62 63 64 65 66 67 68 69 71 72 74 75 76 78 79 80 81 82 83 86 87 88 89 91 92 93 95 97 99 100 
1 2 3 5 9 10 12 17 18 19 21 22 25 26 29 30 31 32 33 37 45 46 49 51 53 55 57 58 59 60 65 66 69 70 72 73 74 76 77 78 79 80 81 85 86 87 88 89 91 93 94 95 98 100 
96 65 3 77 25 59 60 29 
2 3 5 6 7 8 9 10 14 16 17 19 20 21 23 24 25 26 28 31 33 34 36 37 39 43 45 46 47 50 51 52 53 56 57 58 60 61 63 65 66 67 68 69 71 72 73 74 76 77 79 80 82 83 84 86 88 89 90 91 92 94 95 98 99 
32 5 70 39 78 47 79 83 27 
1 2 3 4 5 6 7 8 9 10 11 12 13 14 15 16 17 18 19 20 21 22 23 24 25 26 27 28 29 30 31 32 33 34 36 37 38 39 40 41 42 43 44 45 46 47 48 49 50 51 52 53 55 56 57 58 59 60 61 62 63 64 65 66 67 68 69 70 71 72 73 74 75 76 77 78 79 80 81 82 83 84 85 86 87 88 89 90 91 92 93 94 95 96 97 98 99 100 
1 2 3 4 5 6 8 10 11 13 14 15 16 17 18 19 20 23 24 25 26 27 33 34 38 39 40 41 42 43 45 46 47 48 49 50 51 52 54 56 57 58 59 61 62 63 64 66 68 70 71 72 74 76 77 78 80 81 84 88 93 96 97 99 100 
19 
1 5 42 82 55 24 57 93 
2 3 6 8 12 14 16 20 22 23 24 27 30 34 39 40 42 44 45 47 50 51 53 55 56 63 65 67 68 69 72 77 78 82 84 85 86 90 93 97 99 
1 2 3 4 5 6 7 8 9 10 11 12 13 14 15 16 17 18 19 20 21 22 23 24 25 26 28 29 30 31 33 34 35 36 37 38 39 40 41 42 43 44 45 46 48 49 50 51 52 53 55 56 57 58 59 60 61 62 63 65 66 67 68 69 70 71 72 73 74 75 76 77 78 79 80 81 83 84 85 86 87 88 90 91 92 93 94 95 96 97 98 100 
4 11 21 22 36 42 48 49 50 54 60 63 71 74 78 80 82 85 86 87 
1 2 4 5 7 8 9 10 11 12 13 14 15 16 17 19 20 21 22 23 24 25 26 27 28 30 31 32 34 35 37 38 39 40 41 42 43 45 46 47 48 49 51 53 55 56 57 58 59 60 61 62 63 66 68 69 70 71 72 75 76 77 78 79 80 81 82 83 84 86 88 89 90 92 93 94 96 97 98 
35 68 36 6 99 10 76 54 25 
1 2 3 4 5 6 7 8 9 12 13 14 16 18 19 20 21 22 23 25 26 27 28 29 30 31 32 33 34 35 36 37 38 39 40 41 42 43 44 45 48 49 50 51 52 53 55 56 57 58 59 60 61 62 63 64 66 67 68 69 70 71 73 74 75 76 78 79 81 82 83 84 85 86 88 89 91 92 93 94 96 98 99 100 
63 
2 5 6 7 8 9 10 11 12 14 16 17 18 20 22 25 26 27 30 31 32 33 34 36 37 38 39 40 42 43 44 46 47 48 50 51 52 55 56 57 60 62 65 68 69 71 72 75 77 79 81 82 85 87 88 91 92 94 95 97 98 99 
1 2 4 5 6 7 8 11 12 14 16 18 20 21 22 26 28 29 30 31 32 33 35 37 38 39 40 42 44 46 48 49 55 57 59 60 61 63 64 65 67 69 70 71 72 77 78 79 81 82 83 84 86 87 88 89 91 92 93 95 96 98 99 100 
2 5 6 7 10 11 13 14 17 19 21 26 29 32 33 35 37 40 43 46 47 48 50 51 53 54 56 57 58 59 60 61 62 63 64 65 67 68 71 74 75 77 79 80 83 84 86 88 91 92 93 94 96 97 
1 3 5 6 8 11 12 13 18 19 21 22 23 24 25 26 27 28 29 30 32 33 35 39 40 42 43 44 45 46 47 48 50 51 52 54 57 58 60 61 62 64 65 66 67 68 69 70 71 73 76 78 84 85 86 87 88 89 92 96 97 98 99 
1 3 4 5 9 10 11 12 14 15 17 21 22 26 27 28 29 30 31 35 38 44 49 50 52 54 55 58 64 66 67 68 70 71 73 76 78 79 84 86 88 92 97 98 99 100 
3 5 7 10 11 14 15 22 24 26 27 28 29 33 40 41 44 45 46 47 49 53 55 56 57 58 62 64 69 70 74 77 78 79 80 84 85 86 87 89 92 94 97 99 100 
96 98 68 88 41 10 75 48 53 86 23 87 25 58 91 28 31 
4 5 6 8 10 11 14 15 21 22 23 24 25 26 27 28 29 31 32 35 38 40 43 44 45 47 48 49 50 51 52 53 54 55 56 57 60 61 62 63 66 67 68 69 70 71 74 75 76 78 80 82 83 85 87 88 89 90 91 93 96 97 98 100 
5 6 69 78 80 16 48 17 21 89 90 
1 2 3 5 11 12 15 18 20 21 22 24 25 28 30 31 35 36 37 39 41 42 43 44 46 49 51 52 54 55 56 60 62 63 65 67 68 69 71 72 73 75 76 77 78 79 80 81 83 85 86 87 88 89 91 93 94 95 96 99 
1 2 3 4 5 6 7 8 9 10 12 13 15 16 17 18 19 20 21 22 24 25 26 27 29 30 31 32 33 34 35 37 38 39 40 41 42 43 44 45 46 48 49 50 52 53 54 55 56 57 59 60 61 62 63 64 65 66 67 68 69 70 71 72 73 74 75 76 77 78 79 80 81 82 83 84 85 86 87 88 89 90 91 92 93 94 95 96 97 98 99 100 
2 3 4 7 8 10 11 12 14 15 16 17 18 19 20 21 22 23 25 27 28 29 31 32 33 34 35 37 39 40 41 42 45 46 47 49 51 53 55 56 57 59 60 62 64 65 68 69 72 73 74 75 76 77 78 80 82 83 88 89 90 93 94 95 96 97 98 99 

4 7 10 12 13 16 22 30 36 41 46 47 49 50 51 52 53 55 61 63 64 69 77 78 79 81 88 92 98 
2 6 9 16 19 20 23 25 30 32 33 34 39 41 43 45 48 51 55 61 64 80 82 85 87 88 93 95 96 
3 5 6 7 8 9 10 11 12 13 14 15 16 17 21 22 23 24 25 26 27 28 29 30 33 34 35 37 39 40 41 43 44 45 46 48 49 50 51 52 53 54 55 56 57 58 60 62 63 64 65 66 67 68 69 70 71 72 73 74 75 77 79 80 81 82 83 85 88 89 90 91 93 94 95 96 97 99 100 
2 5 10 11 13 17 20 22 24 26 28 29 31 33 36 39 40 42 45 46 47 48 56 57 58 62 64 65 71 72 74 75 76 79 82 83 86 87 89 90 93 96 97 99 
1 2 3 4 5 6 7 9 10 11 12 13 14 15 16 17 18 19 20 21 22 23 24 25 26 27 28 29 30 31 32 33 34 35 36 37 38 39 40 41 42 43 44 45 46 47 48 49 50 51 52 53 54 55 56 57 58 59 60 61 62 63 64 65 66 67 68 70 71 72 73 74 75 76 77 78 79 80 81 82 83 84 85 86 87 88 89 90 91 92 93 94 95 96 97 98 99 100 
64 8 14 82 87 
100 79 
5.17 1.03 -2.51 -0.68 -7.73 3.18 8.25 -0.26 -7.21 0.01 3.5 -8.33 2.16 9.54 7.72 5.82 0.74 3.04 2.96 -9.63 -0.62 1.77 7.66 0.29 1.17 1.43 0.73 6.11 9.08 -1.37 3.38 3.28 0.27 9.62 2.16 2.07 2.76 8.4 4.52 -3.04 3.35 0.69 8.47 8.01 3.6 4.97 4.15 7.52 9.95 9.42 5.85 9.36 5.54 -6.23 4.39 5.94 5.11 9.92 5.35 2.03 -3.88 8.6 2.25 1.78 4.7 6.66 9.44 5.59 8.31 -3.89 9.26 -6.36 2.46 3.88 8.2 3.91 -8.18 6.87 -4.66 -2.88 0.13 3.16 2.23 4.13 9.61 7.22 0.85 5.73 -6.99 9.55 7.78 -2.08 7.67 3.63 5.8 -1.08 2.13 9.46 -2.86 8.56 
0.75 0.14 7.73 8.25 3.6 1.33 5.4 3.76 4.49 -6.54 6.6 2.41 9.87 4.86 2.16 8.23 6.4 3.26 -0.81 8.3 3.43 6.53 7.3 -6.82 9.47 1.32 8.82 6.42 -2.35 0.78 3.86 6.41 5.11 5.59 0.02 3.42 -2.14 -1.63 -2.24 5.48 0.92 -5.64 5.63 -5.08 2.82 8.77 -6.49 7.87 8.25 2.77 5.23 7.56 5.94 5.64 -8.82 -4.73 -2.06 0.31 4.1 3.77 2.15 8.37 2.33 7.18 -7.42 -5.56 0.14 3.39 4.07 -6.34 -4.43 4.17 7.71 0.88 1.26 -0.46 5.55 5.58 -2.61 5.96 4.49 0.62 3.99 -0.13 -5.64 5.36 4.98 2.23 3.68 2.6 0.0 2.5 -0.32 4.16 1.9 -5.67 -5.21 6.77 3.8 
9.48 1.08 1.38 1.34 6.96 8.48 7.09 1.34 3.96 -6.23 2.22 -9.77 0.82 2.26 -7.03 1.93 5.14 5.25 3.82 7.36 1.5 7.93 1.15 9.72 3.53 0.37 6.14 3.71 9.47 0.1 0.92 2.55 0.12 0.97 -1.77 3.79 6.84 8.16 9.54 2.19 1.73 -4.99 7.83 5.35 -5.91 0.97 9.05 5.47 6.26 -4.21 1.27 5.46 3.93 2.02 -0.16 7.82 7.0 2.29 6.97 8.97 7.32 9.24 4.97 2.9 5.82 3.44 2.91 9.29 2.65 0.78 7.93 6.39 5.01 8.19 3.84 2.61 4.21 -2.08 1.65 -1.85 -2.71 7.16 0.67 5.94 -0.97 -6.86 8.79 9.69 7.19 6.15 -5.32 1.97 -9.34 0.62 -0.18 2.07 8.21 2.2 
5.64 4.91 1.37 6.23 0.7 2.13 0.86 8.73 4.69 0.86 7.48 -8.69 2.55 2.78 9.2 4.43 -3.43 0.32 7.53 1.89 2.68 2.9 1.67 0.14 -1.7 7.61 1.79 7.05 5.26 3.81 -8.63 4.32 3.35 9.04 -3.65 -5.51 5.82 -1.25 1.17 2.22 5.25 2.57 -2.85 1.49 -5.92 -5.77 6.01 1.86 1.61 3.92 5.79 0.32 5.8 7.13 1.98 3.43 -5.09 3.59 4.39 5.85 7.23 -4.95 0.89 4.83 5.63 2.94 7.12 1.09 -2.5 -1.92 3.35 6.13 -7.71 9.99 -8.19 9.31 -8.88 1.18 2.08 1.87 -6.4 8.68 0.59 1.01 -8.51 3.21 3.52 -4.63 9.32 -5.67 5.32 7.92 3.18 -5.88 -2.56 5.76 5.55 
1.64 7.44 -4.56 2.38 4.01 0.65 6.64 -1.54 8.55 -9.42 7.65 6.31 9.5 -9.16 9.55 2.01 -5.27 6.82 8.89 3.65 2.42 0.63 8.85 5.25 9.97 1.69 2.67 -2.71 -8.06 9.98 0.84 7.45 2.7 1.62 1.1 -7.92 8.45 6.45 3.1 0.22 3.76 0.83 1.94 -7.34 1.5 6.25 -0.14 1.1 0.36 -6.0 6.09 6.82 -6.82 -7.73 0.82 2.08 3.46 5.14 -3.78 2.24 7.55 5.86 5.97 9.92 -8.56 -9.38 7.89 2.51 4.49 8.78 -3.05 9.92 0.16 4.85 7.03 3.47 -0.0 5.34 1.29 -4.65 7.44 -1.25 3.42 4.3 2.43 8.06 -3.45 8.86 5.71 -1.99 4.13 9.05 2.55 3.6 7.15 -2.05 
0.67 -5.07 1.03 9.04 8.2 4.98 1.5 0.18 5.07 8.51 4.61 9.39 4.59 7.55 -2.48 9.55 1.25 3.66 8.82 7.92 6.79 5.68 8.77 1.9 -9.49 3.53 0.35 7.11 0.01 -0.7 4.02 6.65 4.49 4.46 9.81 9.69 -9.4 2.15 4.83 -3.06 8.12 1.0 3.96 -5.05 1.13 7.34 1.81 4.84 -0.77 -2.07 -4.9 7.16 5.25 4.17 -6.14 1.88 -7.45 6.55 4.67 6.68 5.85 2.22 0.14 -6.29 0.33 5.2 7.41 8.58 8.66 1.03 0.44 0.82 3.99 -0.69 2.43 6.1 4.76 2.06 2.24 9.03 8.22 1.45 6.53 -6.5 1.24 -6.57 2.03 -5.06 9.91 7.24 5.12 -7.95 4.26 2.29 5.56 
1.26 8.9 -2.62 8.98 2.3 4.5 7.0 5.53 8.86 8.86 4.6 6.4 1.17 6.21 9.52 8.43 8.84 6.46 4.19 2.02 7.89 5.77 3.43 2.91 0.0 -9.42 1.37 -2.69 -0.69 8.04 8.13 8.9 9.3 -7.64 4.94 0.04 -7.38 1.68 8.76 -5.57 3.36 0.43 5.68 4.77 2.69 1.63 6.56 2.54 6.34 4.01 8.48 -7.67 9.81 0.96 -4.06 -4.32 5.73 8.87 5.76 3.5 8.31 3.9 6.03 3.96 9.21 7.18 6.8 9.71 9.89 1.46 7.19 3.62 5.95 3.18 0.05 0.86 4.81 7.67 4.16 5.98 3.03 4.04 2.87 2.08 0.88 4.85 7.46 -2.58 1.42 0.71 3.44 1.68 0.96 7.52 
2.64 9.69 -7.62 0.62 2.21 0.99 9.39 -9.82 4.95 1.55 -7.44 -5.42 3.77 0.8 -0.34 5.22 6.68 9.03 8.12 6.14 0.24 1.1 6.52 4.57 7.83 5.84 -4.07 1.01 2.6 4.85 -3.3 1.81 2.57 4.95 0.7 -0.65 -2.24 3.55 3.91 4.6 7.03 3.12 1.53 8.01 6.55 9.54 9.63 0.61 1.72 0.41 4.47 -0.55 6.19 5.66 0.39 9.37 8.7 7.18 2.37 -0.59 3.07 2.48 2.03 -8.62 7.39 5.97 -6.08 7.15 2.5 2.42 -4.48 2.92 4.0 1.24 4.09 4.52 7.48 5.77 1.86 -4.3 0.5 3.34 5.5 4.67 7.36 3.14 6.12 4.07 5.1 4.13 4.66 1.67 0.95 
9.13 -9.95 3.44 3.24 5.84 6.05 2.28 2.16 8.9 -0.95 7.78 6.88 -2.38 3.78 7.7 7.08 7.71 1.13 6.28 9.97 0.42 8.51 7.01 -3.85 4.37 4.68 6.41 3.92 7.8 7.52 5.56 8.58 -8.88 6.2 -0.43 -2.02 2.75 -4.94 -2.89 4.36 -3.88 8.51 3.41 5.9 8.95 7.1 3.91 -5.21 4.39 1.99 1.69 7.75 9.32 8.3 6.08 9.57 -7.09 6.54 0.49 2.41 -7.42 -7.96 3.68 7.44 -3.36 0.85 4.22 4.44 2.16 -7.75 8.1 6.52 3.56 6.27 9.83 7.63 4.78 7.97 0.32 -0.43 1.24 7.63 4.05 1.5 4.09 5.75 6.81 9.7 6.48 0.54 -2.36 1.03 
1.8 6.96 -7.96 9.11 2.86 9.18 8.0 7.6 6.07 6.69 3.71 4.69 -8.45 5.13 3.36 -4.96 5.11 -4.42 2.93 8.9 7.02 2.2 2.42 2.22 2.0 -3.41 4.8 -2.01 0.64 8.28 2.82 1.77 -6.92 4.83 -5.26 2.0 3.44 -8.75 -6.39 -7.01 9.75 7.5 4.98 -1.22 0.39 -2.16 1.76 2.92 3.25 -7.9 0.15 1.23 9.39 5.75 3.34 2.77 -3.04 5.33 -2.1 2.18 4.93 6.16 2.22 -6.57 3.65 5.28 -7.72 4.71 0.42 9.75 4.28 3.79 5.85 3.93 6.99 1.98 3.74 -5.09 6.53 6.1 3.08 8.42 5.75 4.53 10.0 9.22 9.61 3.4 5.98 1.65 -5.16 
1.42 0.2 3.55 -1.76 7.74 -7.02 -6.8 5.37 6.4 3.62 9.32 4.51 3.32 1.62 -2.71 1.56 8.07 1.51 8.56 1.66 -2.68 -7.35 9.62 5.92 0.88 -7.35 9.08 6.0 3.49 -7.43 6.5 -6.42 7.43 3.34 3.32 8.11 -6.68 1.05 6.25 5.15 4.14 0.28 2.57 2.21 4.36 5.17 2.56 1.53 4.27 6.91 7.5 1.38 -5.49 -3.31 5.72 8.39 3.45 8.88 -5.13 -0.21 3.09 5.84 1.72 3.48 3.98 -0.21 2.52 6.81 1.68 9.85 5.91 6.38 0.36 9.6 4.48 4.66 1.01 6.32 2.92 5.19 0.39 8.1 -3.36 8.86 -0.09 -2.44 -4.92 5.02 3.72 8.85 
5.74 -6.54 9.04 3.27 7.4 9.32 6.78 1.39 5.87 -9.63 1.64 -0.32 -8.3 8.56 6.65 1.36 8.0 -0.02 0.88 3.37 4.24 0.74 -0.12 9.52 0.41 -5.24 -1.85 6.13 -6.97 5.12 4.43 6.81 0.6 -9.47 3.97 7.01 -3.91 5.62 -0.95 -8.13 1.73 6.15 5.86 6.92 1.67 8.14 3.41 -3.22 0.84 3.04 -9.77 -4.84 7.55 -3.48 2.01 6.23 1.82 4.79 4.99 0.14 5.94 9.69 9.93 0.62 -7.66 -1.36 3.69 3.08 8.91 8.64 0.89 2.74 0.66 5.16 -4.84 8.53 5.79 -7.96 2.11 5.46 8.29 5.71 9.58 -4.97 -1.91 -2.14 3.96 1.07 3.19 
-4.64 1.44 -8.39 8.83 1.57 6.33 6.82 -8.64 9.8 7.7 7.98 -7.4 9.04 7.57 -5.41 -3.68 -2.73 -1.28 0.58 1.37 6.95 6.44 1.23 -1.49 4.68 3.7 4.14 5.61 1.27 8.36 -5.91 7.34 -5.72 4.73 9.8 2.58 1.1 6.35 3.01 1.29 -8.8 9.02 3.47 5.72 9.1 3.31 3.22 6.45 6.63 0.95 7.32 -5.49 1.18 0.06 2.45 2.64 -1.56 7.72 -7.2 9.38 4.63 5.4 3.02 2.19 9.83 7.27 4.05 9.39 3.99 9.26 5.21 3.63 -3.37 -3.53 5.36 1.29 -2.72 -7.48 -9.58 5.42 -4.32 2.4 8.73 6.01 7.58 7.36 3.42 -4.46 
1.83 7.71 3.21 2.57 1.65 1.25 2.99 2.93 6.44 -8.77 -2.92 1.15 9.46 3.93 3.09 4.65 1.24 9.1 1.45 4.09 7.79 8.78 9.64 -3.28 8.33 4.91 -3.4 2.66 -5.87 -0.98 3.54 1.11 2.67 1.63 9.44 9.72 1.49 -6.04 1.36 -8.41 0.25 -5.56 7.87 7.53 5.47 3.3 -1.27 2.57 6.56 9.43 6.79 4.45 3.08 0.72 -8.28 3.16 5.41 5.01 7.54 3.57 -8.07 9.86 0.35 4.15 8.46 -1.54 5.2 3.03 -7.97 8.42 -4.84 -0.07 2.07 9.77 9.16 3.05 4.05 3.56 2.8 6.01 4.27 -3.17 4.75 -7.05 3.62 7.38 6.41 
-7.58 0.68 0.29 6.72 6.61 1.04 5.77 0.67 0.86 6.28 -1.04 -1.74 6.12 3.0 -8.61 6.96 3.04 8.89 4.99 1.64 -4.85 7.96 0.91 -4.45 -9.64 5.65 9.63 -3.98 8.33 4.71 2.02 5.32 9.01 -4.1 8.34 5.61 2.25 8.32 -4.67 9.12 -7.79 -1.43 7.69 2.77 1.23 7.51 4.93 -3.72 9.18 -4.36 3.83 8.96 -2.93 4.04 9.89 3.64 1.03 -6.22 -1.91 9.54 1.93 -1.06 -4.01 2.65 9.57 4.32 0.04 -8.03 3.34 5.38 -4.38 -2.84 3.86 7.91 3.51 9.77 2.64 9.0 5.33 6.05 3.77 9.01 8.94 2.64 -6.56 7.33 
2.94 1.65 4.78 5.71 7.28 7.86 -6.28 0.5 0.45 -8.82 2.59 -4.53 -5.56 9.38 4.25 0.85 8.7 6.3 8.45 4.1 3.41 7.06 2.03 8.47 4.86 5.35 5.24 5.78 9.72 2.87 1.29 3.53 -0.42 9.71 -2.82 6.77 6.9 3.59 0.29 9.52 7.0 -5.6 8.82 2.14 -6.36 -8.48 8.19 1.81 9.71 5.57 7.88 -7.14 9.74 9.82 7.14 -7.48 -1.34 -3.34 -9.76 7.21 3.87 7.79 1.59 0.33 2.33 3.53 -0.57 1.36 -9.81 6.79 -7.05 5.42 2.85 -3.35 -2.59 3.92 -5.08 1.35 -3.98 9.08 5.68 6.46 4.1 -1.98 6.25 
9.61 8.07 8.88 8.18 3.25 9.06 3.22 2.67 3.91 5.3 -6.42 1.43 8.51 6.96 9.03 3.35 1.23 5.73 1.06 0.7 9.02 5.99 -4.87 -1.63 8.6 3.7 6.32 2.45 -0.06 6.16 -8.18 6.75 0.12 7.14 8.88 0.04 8.5 1.82 4.79 3.19 7.76 6.73 5.21 7.69 3.68 2.69 5.58 0.54 -9.8 8.31 7.88 7.76 -1.99 4.13 -1.72 2.85 5.3 9.09 -1.58 5.99 -1.5 -4.47 4.17 0.33 5.37 3.53 7.04 5.76 2.47 4.61 5.38 5.19 8.72 3.51 -4.84 1.8 9.12 7.92 2.08 7.23 1.5 8.45 5.16 9.93 
3.0 -2.52 2.62 9.17 1.54 5.78 8.12 6.93 3.67 2.23 1.32 9.52 1.97 0.96 4.11 -3.72 -5.61 2.76 7.12 3.02 1.06 4.37 4.85 -4.36 -6.64 4.04 9.38 -4.3 0.32 7.93 6.95 9.65 1.95 5.49 1.18 -5.01 -3.2 8.92 8.53 2.05 -2.45 8.92 1.32 -2.26 2.04 5.28 1.53 -3.22 4.32 8.4 5.21 3.1 7.86 8.97 -0.65 0.14 6.81 8.65 -5.69 -2.3 7.55 7.34 -9.73 9.53 -9.64 5.5 5.01 -4.49 7.78 -7.63 4.14 4.19 -3.99 4.11 7.61 5.33 4.83 3.57 7.79 1.61 1.82 -1.08 -0.76 
-4.75 1.87 1.12 -5.02 6.32 8.57 1.14 0.27 2.97 1.38 7.35 5.69 8.95 8.23 1.08 -2.89 8.51 4.56 8.78 9.24 -4.4 8.02 -7.02 3.84 -4.64 2.23 0.28 2.75 7.97 -5.62 6.25 -9.86 1.77 -1.98 2.58 9.02 4.96 0.05 5.19 4.54 7.18 1.95 1.62 -5.51 6.8 5.96 6.12 8.64 8.09 7.34 6.61 3.32 3.98 7.08 5.23 -2.29 0.38 0.78 6.87 2.64 -2.61 3.87 2.45 -1.09 4.04 -9.81 0.92 1.5 3.23 3.25 4.27 9.72 8.1 5.85 3.83 2.53 -5.46 -2.29 -5.32 -2.48 3.24 -5.14 
8.42 8.03 6.11 3.79 4.9 2.07 -4.79 0.92 2.01 3.1 5.24 0.32 4.04 1.4 -7.61 -1.6 4.22 -9.35 8.77 2.43 1.05 -9.53 4.89 9.22 -9.12 3.0 9.34 5.97 -9.38 8.1 -3.49 2.96 8.96 5.18 7.33 0.66 9.91 6.07 7.08 9.37 -7.58 3.88 -0.73 -1.4 2.52 3.93 1.13 5.83 -0.29 8.65 0.95 7.46 8.25 -9.26 4.89 -1.12 0.8 8.77 7.14 3.4 4.04 0.98 5.55 6.66 6.08 7.24 3.1 3.28 -8.34 5.37 0.72 3.06 3.14 -7.52 8.08 9.14 -9.41 0.8 5.42 3.98 -7.78 
4.43 8.4 3.15 -8.48 8.87 2.79 2.5 8.1 9.33 -3.4 9.35 7.92 1.04 -0.54 -9.43 8.12 6.84 1.3 7.14 8.81 -1.83 2.82 -1.59 -2.98 4.45 3.52 3.36 1.71 1.17 7.37 -9.74 2.06 0.49 7.67 6.67 4.88 0.57 0.39 -3.82 5.05 1.33 6.59 9.78 -7.43 8.43 6.67 -5.45 1.22 4.79 0.64 5.7 7.34 9.6 -9.04 -4.65 5.02 -3.0 8.91 2.74 -6.57 0.37 1.52 5.72 1.35 3.63 9.19 2.38 8.17 5.1 1.85 0.3 7.56 1.98 -6.82 7.51 8.03 -3.57 9.36 0.59 0.53 
5.54 -0.97 -1.74 5.68 8.12 8.24 7.8 6.98 -9.24 4.37 1.13 -4.57 0.84 7.39 7.51 6.49 -8.72 4.25 1.13 5.3 5.82 8.65 6.87 1.53 4.72 -6.55 1.9 1.86 6.55 3.59 1.89 -9.34 3.4 9.01 7.84 0.76 0.93 9.48 1.38 1.3 -6.7 1.92 9.31 9.6 3.75 2.63 1.39 6.57 9.09 9.1 3.76 1.18 9.99 -4.52 -5.74 -6.72 9.6 -7.68 -5.3 6.5 5.36 0.63 8.87 0.26 2.97 6.0 -9.19 7.56 0.24 -2.25 5.09 9.35 9.72 0.71 4.74 -3.21 2.98 -9.81 1.26 
8.91 5.05 5.29 8.61 3.3 2.66 8.13 8.53 2.86 6.34 7.38 2.22 9.8 9.01 1.37 9.44 5.61 4.7 -2.75 6.69 -4.97 1.6 7.26 1.93 0.25 2.28 -9.24 2.05 5.22 9.82 4.98 3.07 -0.43 2.26 6.25 -7.92 0.24 6.87 9.57 7.0 9.23 7.69 -3.91 -2.37 3.71 9.59 -9.34 7.67 3.86 6.73 9.42 4.9 7.62 8.81 2.85 2.98 4.92 -4.04 3.52 0.48 5.42 7.43 4.54 1.88 3.7 5.24 0.66 0.37 2.45 1.88 9.79 -3.76 6.04 3.68 0.72 -3.46 4.13 1.33 
-2.78 8.13 3.2 4.82 9.93 2.24 5.23 8.73 3.28 1.06 4.41 9.56 -1.15 5.36 1.66 2.61 8.52 -7.82 1.99 7.37 8.67 7.79 7.93 7.0 4.5 3.18 2.27 0.24 6.6 4.56 8.7 7.86 8.81 -6.32 9.17 1.9 7.97 2.24 -7.6 9.82 4.27 5.17 -4.46 4.48 8.18 0.54 7.55 0.63 5.52 6.64 9.26 1.35 -7.81 -4.8 -0.45 -9.62 6.28 -7.49 7.74 2.14 -2.98 5.99 -2.72 8.29 2.93 4.24 8.33 9.93 9.77 1.34 0.88 0.73 0.1 7.89 9.44 6.75 8.26 
7.59 4.82 9.34 0.1 -1.36 7.23 5.16 4.54 1.08 3.75 4.55 0.32 3.42 9.34 1.27 2.11 5.25 8.19 -6.62 1.7 -6.68 7.3 2.16 9.25 -6.9 2.06 -6.67 5.51 7.26 8.85 7.42 0.68 -6.66 5.78 -0.98 1.97 3.44 9.35 9.71 7.73 -3.74 7.59 4.8 6.62 1.28 6.78 -4.48 -4.18 4.86 5.08 0.91 2.42 8.02 1.26 8.52 9.49 0.06 3.64 9.7 1.77 9.89 1.67 6.05 -9.51 4.68 1.68 3.58 8.22 8.18 -3.93 1.96 9.59 5.49 7.81 4.83 5.0 
-7.11 8.45 3.36 0.28 5.41 5.84 6.1 9.16 7.36 2.66 -3.4 1.74 0.13 -7.92 -9.08 5.82 -7.12 0.43 -2.5 8.67 9.11 8.16 5.88 9.6 -1.46 5.93 3.48 7.48 -4.55 9.81 -9.33 3.32 -6.65 5.64 9.85 9.52 4.81 7.59 3.62 2.46 2.47 6.52 -5.01 3.96 2.23 0.01 -4.62 6.05 -5.37 7.22 3.58 3.03 9.0 6.09 3.32 3.76 1.32 8.62 6.9 8.95 5.75 4.69 -8.81 9.89 0.91 -1.32 4.53 0.68 1.25 7.58 3.32 -6.07 8.96 6.54 2.23 
7.99 0.53 4.83 9.61 6.41 4.22 -6.18 3.28 8.66 2.32 2.95 -6.78 -7.0 3.47 8.58 -3.7 7.59 -0.83 7.22 -2.31 6.46 5.5 3.17 5.02 3.66 8.73 6.19 4.92 4.13 0.38 2.86 7.36 0.47 9.81 7.89 9.56 2.46 3.38 8.45 3.06 3.91 6.18 2.83 -7.19 6.06 -8.06 3.42 5.22 -2.81 0.36 -1.98 2.8 8.87 -5.12 0.77 1.85 7.38 6.59 -1.16 4.87 8.79 2.52 7.13 0.43 7.23 -6.71 8.48 4.57 5.16 9.9 -1.09 -2.83 5.51 4.53 
8.51 9.69 7.96 1.86 3.0 -4.53 -9.46 2.95 2.82 5.98 4.1 0.88 -1.69 9.38 1.68 9.14 3.04 5.07 2.26 -4.68 3.26 1.37 -9.08 0.19 0.42 1.17 2.41 9.43 1.67 2.07 5.99 9.27 2.26 -5.34 -6.6 4.07 6.99 7.82 -9.66 8.37 3.89 0.68 -8.06 -9.51 1.51 -9.08 8.7 -0.39 5.18 8.23 2.2 -0.47 1.36 1.48 -0.3 0.66 5.08 1.13 6.48 3.08 -4.03 -5.51 1.61 6.63 1.46 5.99 -9.92 -8.67 1.11 4.73 4.98 3.37 3.16 
-2.75 3.96 -2.72 -2.03 4.23 7.85 9.61 9.66 -9.79 6.83 4.65 5.96 8.89 -1.55 -7.27 7.37 -1.66 -0.48 6.38 -0.45 6.48 -4.31 4.46 2.21 9.72 0.43 6.46 5.89 4.66 6.54 -5.56 1.54 1.76 5.34 1.71 5.15 -0.96 4.56 -9.68 7.31 0.42 2.69 4.8 -8.67 8.35 6.91 2.75 0.9 5.34 0.71 1.4 -8.29 4.23 -2.57 0.1 6.79 -0.58 6.37 1.84 4.05 9.71 6.98 -5.49 3.71 5.57 4.48 2.38 5.18 0.58 4.24 2.14 6.11 
8.25 2.38 9.33 5.92 7.84 -1.6 0.84 3.01 6.16 1.34 9.99 0.18 2.17 4.41 1.93 4.72 6.24 -4.11 4.56 -0.5 0.34 9.39 0.39 1.8 -4.25 -0.54 -2.63 3.5 7.05 9.67 6.24 2.41 2.37 1.25 -4.84 7.62 4.33 -5.21 9.06 6.3 9.71 7.61 4.08 4.76 9.54 7.6 3.55 6.88 0.6 8.31 7.02 2.14 7.39 2.63 -1.49 -3.35 6.19 8.64 2.61 5.17 3.96 0.24 -5.76 6.18 3.39 6.49 0.88 1.63 9.16 0.62 5.03 
5.43 8.2 2.41 3.75 9.18 3.79 7.94 5.94 0.64 -3.95 2.2 -3.64 -4.04 3.82 9.96 9.67 8.88 0.75 2.5 -5.57 7.01 8.92 9.82 8.5 5.36 -2.52 6.21 -8.21 8.59 3.65 2.78 3.37 1.61 9.49 8.0 7.39 2.39 9.01 3.06 0.1 5.31 9.64 1.18 8.31 9.16 5.14 -1.36 0.01 6.11 5.66 8.65 9.45 2.4 2.8 3.18 1.21 6.47 3.51 9.65 -5.88 2.35 -8.96 6.89 1.57 0.05 7.66 3.87 3.71 -0.19 -1.93 
9.45 -5.68 8.52 6.7 0.79 6.85 4.65 3.55 2.49 -6.44 0.42 1.46 2.61 3.39 5.3 5.62 7.55 -2.18 3.34 2.87 5.65 2.08 8.25 0.66 -9.61 0.69 -0.21 6.21 -7.84 -0.38 6.41 5.43 9.46 7.38 0.48 8.76 5.15 1.72 -9.83 7.04 -5.69 0.36 5.41 0.68 5.39 5.92 8.51 1.08 3.04 2.84 2.8 0.96 1.92 -9.57 3.97 -0.15 10.0 9.45 2.41 2.32 -4.11 -0.64 -4.65 8.24 4.92 2.55 -1.44 4.11 3.97 
4.95 5.18 2.17 9.86 7.57 8.32 -7.67 5.21 4.98 6.1 8.39 7.1 -5.11 7.43 4.13 3.25 -6.91 7.16 -5.96 1.22 5.45 2.56 2.22 8.82 -2.07 0.51 8.59 8.28 4.55 9.21 1.49 5.9 6.84 2.64 8.29 7.67 5.42 -7.71 -1.78 -7.08 7.32 4.93 2.62 0.45 4.59 0.53 8.66 2.28 1.81 -7.57 -4.21 9.16 7.86 -7.93 7.71 4.78 7.44 3.29 6.92 7.85 5.85 6.19 1.42 -5.35 7.49 -0.39 -4.25 8.09 
6.18 9.08 6.0 7.81 2.27 5.12 -4.02 3.26 7.19 4.56 0.73 1.76 4.35 1.2 -2.69 7.52 1.03 -8.21 -4.68 0.31 2.2 6.05 -6.59 0.74 0.18 2.34 4.49 1.99 5.58 2.73 4.93 9.41 -0.27 2.07 3.09 5.5 0.48 -8.16 -3.1 7.48 0.45 8.04 7.74 4.92 -9.62 5.78 3.51 0.34 6.61 1.37 6.29 4.89 2.77 5.18 4.77 0.76 2.49 6.46 2.21 -4.73 3.71 3.95 1.6 5.71 6.13 5.66 3.66 
2.0 1.6 9.54 3.81 -0.27 9.94 2.51 3.31 9.97 3.18 -7.0 4.09 4.52 -6.1 2.4 1.27 5.83 5.86 9.78 7.25 6.72 8.87 9.41 7.06 -6.06 -9.96 5.49 -2.21 2.39 0.84 9.26 -0.98 8.23 -0.64 8.07 4.65 -2.38 4.7 0.95 1.63 6.26 3.44 3.66 -6.58 4.78 -4.21 5.22 9.49 7.81 7.32 7.89 -2.78 -0.02 -1.51 0.63 1.79 2.62 9.76 2.2 4.11 7.57 9.68 0.83 4.97 5.4 3.02 
7.74 8.66 7.36 9.89 7.4 4.95 0.63 4.38 5.41 4.93 5.74 1.44 5.3 3.58 7.98 -7.1 8.41 6.74 3.01 -0.96 0.35 7.8 9.68 9.37 5.41 0.08 3.93 7.05 -1.59 -3.12 5.43 5.79 1.55 3.34 -3.94 4.46 6.34 7.34 5.43 8.11 8.78 -1.25 3.54 8.95 5.77 0.57 -9.21 7.98 2.04 -3.38 -8.39 8.78 7.83 -8.68 0.97 4.41 1.59 2.02 8.46 2.78 5.4 3.02 -9.18 5.49 5.25 
-7.24 0.49 9.4 2.9 -0.53 8.71 1.38 6.77 6.71 2.08 2.18 7.8 6.31 8.81 -9.98 5.67 0.26 8.18 8.54 6.93 -5.93 -0.83 9.25 7.48 4.54 0.83 6.49 9.0 3.38 -7.69 3.34 9.06 5.69 -3.58 8.7 -4.14 3.38 5.87 8.85 8.17 6.44 8.24 -9.4 0.75 5.41 -4.83 6.09 -9.28 6.17 8.63 -8.32 1.25 1.55 5.98 -8.49 3.16 3.75 9.75 9.47 3.59 2.69 4.8 -5.66 -8.93 
8.79 -9.74 7.37 -5.01 8.24 3.96 5.61 -0.38 6.22 6.2 8.18 3.08 8.9 8.9 9.38 9.57 4.34 4.11 5.81 -4.06 -8.96 6.65 -2.21 3.73 0.11 9.75 9.18 -9.21 4.35 5.22 6.41 -5.54 7.03 -5.99 -1.65 -8.1 0.33 -8.81 5.74 7.68 4.63 -7.61 6.71 -8.36 3.91 -2.17 -9.28 4.74 7.24 4.42 7.07 -6.47 6.46 6.22 8.42 9.71 9.51 1.72 8.88 -2.01 7.83 8.71 2.71 
3.58 8.02 0.85 4.99 1.34 8.62 2.16 -7.54 5.73 4.66 4.56 7.83 8.88 9.24 8.72 9.49 5.29 9.74 -2.92 1.41 8.73 8.9 6.8 8.94 4.37 -5.98 -9.27 -3.69 5.56 0.96 6.36 4.21 8.1 2.37 -6.18 3.49 9.67 8.82 9.14 5.03 -1.3 5.73 9.31 0.44 8.34 2.47 9.76 1.19 3.03 -8.98 5.68 6.25 0.83 4.27 9.69 5.66 -3.63 7.14 9.43 -3.29 3.73 2.89 
2.03 6.73 9.69 3.08 -1.13 0.11 7.27 4.01 7.61 -7.28 5.53 3.61 -5.77 7.74 1.62 6.81 3.37 1.19 -5.91 -7.05 0.98 2.49 0.2 -1.82 0.58 1.5 8.11 2.21 -9.25 6.35 9.43 9.62 8.92 8.82 -3.09 -8.33 6.58 1.52 -6.2 7.24 2.74 -2.29 8.87 5.28 1.13 5.08 -4.07 -5.27 2.36 1.06 1.69 6.22 4.88 8.08 2.29 9.92 1.38 1.72 -1.85 4.06 -9.77 
-4.7 -2.96 -5.33 4.86 3.8 6.51 -9.56 4.62 7.74 3.55 3.3 3.05 9.69 -7.5 6.65 4.22 5.71 -1.87 5.43 -8.67 9.19 7.85 -3.25 -5.7 3.55 -9.17 -4.22 6.61 9.37 5.26 3.77 4.7 0.82 0.7 0.57 -6.37 -8.25 1.1 2.27 10.0 1.08 6.17 6.72 0.68 6.23 1.97 8.69 1.32 7.56 7.72 -2.66 0.71 -3.98 7.04 -2.65 3.92 3.85 0.71 8.91 1.59 
-7.17 8.41 -2.77 2.78 -7.9 1.88 -9.18 5.87 0.39 0.44 6.38 0.68 -9.16 6.15 7.6 3.05 9.47 9.14 3.02 5.62 0.45 8.89 5.46 6.24 3.89 3.8 6.32 6.24 3.63 6.2 5.25 7.91 9.46 5.1 8.38 -5.5 6.47 -1.97 6.26 8.47 0.97 9.02 -7.86 6.98 8.93 6.25 4.45 9.99 1.12 2.88 4.72 2.91 0.21 6.26 3.13 1.21 2.26 -8.21 4.21 
3.07 3.82 8.09 -3.19 0.12 8.59 3.48 -8.08 -4.6 3.83 -7.28 2.15 4.7 1.14 8.26 2.44 5.74 3.81 0.8 -9.02 -9.16 5.61 1.2 6.04 7.2 7.53 1.84 1.4 1.37 9.58 2.29 2.27 7.81 2.32 2.19 9.07 4.51 -5.05 4.63 -2.03 8.96 9.7 3.41 5.24 6.57 2.31 3.25 3.24 6.06 4.78 9.09 6.07 1.01 -3.33 6.99 9.37 5.02 1.31 
5.74 5.15 6.62 4.03 -2.36 7.04 8.93 2.84 5.45 3.69 2.01 9.04 1.35 -0.02 3.64 8.13 4.42 0.98 5.18 4.55 0.85 6.68 6.58 0.67 6.11 9.9 2.04 0.0 6.19 -7.17 4.36 3.0 1.73 -7.93 1.91 3.91 2.06 1.77 1.77 8.15 0.37 -5.69 0.49 8.32 0.94 7.05 5.26 -7.82 1.07 -4.91 9.37 4.59 1.52 1.39 -7.1 5.35 7.51 
1.64 6.01 9.86 -9.68 5.68 8.9 -5.76 9.97 4.3 -3.13 9.79 7.63 5.45 7.96 8.28 4.5 -8.46 4.49 0.33 -0.51 7.53 6.26 5.97 -6.91 4.94 9.05 5.13 6.95 2.1 3.25 7.02 2.28 1.47 4.85 0.72 9.07 2.35 1.37 -4.95 0.13 7.12 0.18 8.35 7.0 -0.07 9.93 -1.54 3.28 0.24 7.93 6.36 -1.29 8.03 1.23 5.18 0.63 
2.52 -4.89 4.31 5.48 2.09 0.08 1.86 9.58 -5.59 0.63 1.93 4.39 4.79 0.94 4.53 2.21 8.36 8.83 3.37 9.43 6.59 0.22 1.91 7.02 3.05 4.42 8.33 8.95 5.47 6.49 -3.05 -3.76 3.11 -6.57 7.21 3.83 9.54 -2.2 4.97 9.87 9.32 0.95 7.49 2.27 6.91 -0.97 7.21 5.0 6.34 5.25 5.09 4.57 4.03 2.79 5.37 
0.33 6.23 9.23 8.66 -9.13 -2.28 8.64 8.11 9.06 5.32 2.8 -0.65 -5.77 0.83 2.44 9.79 8.34 9.66 3.4 1.65 3.07 1.9 6.34 6.24 0.39 -7.99 6.78 0.97 4.53 -5.86 9.65 -9.78 0.47 0.71 1.35 -8.16 0.16 7.3 9.56 7.4 7.27 6.87 4.21 9.82 -1.65 4.35 4.09 3.87 -1.32 7.14 7.14 6.48 -0.32 8.23 
1.28 4.65 -9.96 9.67 9.78 5.11 9.66 8.85 7.88 -3.02 0.21 2.49 -7.41 -9.0 0.11 3.77 5.77 8.86 7.79 4.25 2.59 7.82 8.21 5.51 6.03 -0.08 8.23 2.96 2.22 8.82 1.88 0.26 8.81 8.87 -8.0 -4.51 7.33 -7.58 9.5 -0.27 9.37 1.93 9.69 0.5 3.35 7.48 5.15 4.71 -7.93 9.81 5.77 6.16 2.76 
0.38 9.9 9.27 6.3 3.82 9.98 -0.63 9.07 7.41 7.65 3.6 1.37 6.63 8.16 7.02 -8.83 1.84 5.29 -3.01 1.27 -1.5 0.92 -9.4 8.88 7.67 0.5 -7.74 4.14 8.61 0.88 3.03 8.38 6.9 9.28 8.34 8.44 6.34 5.11 3.1 5.72 5.26 -1.08 7.24 -9.57 0.45 2.94 8.83 -6.99 7.19 8.94 0.54 6.68 
9.88 -7.41 -6.38 3.37 -9.04 8.79 8.34 6.86 9.42 2.6 5.31 5.71 3.96 -4.7 8.7 8.99 5.17 -3.17 3.78 -9.51 -2.25 2.93 0.51 6.18 7.34 0.32 4.6 -6.55 5.5 5.15 -6.01 7.58 9.09 5.83 8.82 0.45 5.79 2.32 4.56 -8.93 4.4 4.99 -9.8 -8.0 0.02 0.28 3.53 -6.47 1.38 2.51 9.29 
-4.47 3.73 8.34 3.56 2.72 -1.22 1.87 5.51 3.14 -7.45 0.58 0.6 8.75 7.38 9.95 8.44 6.76 8.22 5.95 0.52 6.74 4.33 0.89 0.84 9.43 -2.91 4.5 -9.74 7.64 4.78 4.34 5.96 -2.26 3.57 6.1 1.31 7.64 3.88 6.12 4.22 -3.0 9.93 7.76 0.6 1.15 6.72 9.12 1.89 7.25 -0.37 
4.92 9.68 5.71 7.46 -7.36 5.47 6.27 0.33 1.67 1.98 7.11 7.26 0.05 -8.82 -7.32 6.66 2.26 1.07 1.36 5.8 5.99 0.42 -5.28 9.03 -5.23 8.72 3.05 6.47 -3.62 9.38 4.05 4.11 1.51 3.34 8.75 5.14 -3.69 4.19 0.07 5.46 7.45 7.28 7.81 5.79 5.93 -6.77 8.57 7.01 0.7 
9.71 8.51 8.58 4.17 5.57 4.12 8.01 8.04 -5.22 0.75 6.01 -7.71 -9.87 -5.94 5.41 2.9 2.19 6.7 9.76 0.03 4.89 2.05 -3.21 7.53 9.18 4.8 4.86 1.61 9.6 8.87 8.51 7.73 8.07 3.38 6.2 4.42 0.7 0.82 -5.24 5.69 4.81 2.56 2.44 9.55 -5.85 1.03 5.91 3.9 
5.47 1.08 1.53 9.76 -4.91 3.47 6.54 8.7 0.18 3.76 5.96 4.01 5.63 -6.11 9.27 -0.38 -8.41 -0.71 8.75 6.18 6.54 9.22 1.42 7.91 4.21 9.01 5.91 9.91 7.77 9.16 3.92 0.03 4.24 5.98 1.23 2.54 -5.27 7.67 -5.15 -1.15 8.95 -7.11 -4.56 7.33 -9.62 -2.84 -9.93 
-7.4 4.91 5.16 0.46 5.18 9.24 3.05 0.12 1.78 8.94 0.62 -3.32 -2.47 -6.82 2.63 4.55 4.07 -9.23 8.34 8.01 8.85 1.87 3.0 4.26 2.95 5.37 4.83 3.37 1.58 1.96 9.73 1.89 0.13 1.64 0.22 -8.55 9.06 8.75 0.04 9.11 1.69 5.53 1.91 8.57 8.67 1.51 
-1.99 -9.08 5.98 7.5 8.09 7.79 7.1 0.81 0.03 0.75 1.02 -5.11 3.68 4.0 5.83 0.6 -5.36 2.15 8.31 2.43 6.1 9.36 6.3 -7.97 -5.72 7.7 5.17 -6.55 4.67 0.37 1.27 7.68 5.03 0.45 -7.49 6.43 9.79 1.09 -9.61 3.51 7.1 -2.27 -2.25 -0.69 8.55 
7.67 6.83 -6.56 1.83 6.12 6.67 1.89 0.9 -2.83 5.74 -8.82 3.9 8.55 2.16 5.26 3.52 1.14 7.42 -3.75 4.24 5.19 -0.34 8.62 -3.17 7.38 1.96 2.17 6.93 8.45 5.56 4.64 4.77 4.26 7.26 9.42 5.79 5.48 5.2 1.44 8.8 5.81 2.81 -7.07 -5.98 
-9.8 3.84 7.23 -0.07 -6.92 1.77 7.51 -6.39 5.9 0.28 -1.99 4.77 6.18 -5.45 5.08 6.44 -9.06 8.35 1.56 6.41 -3.13 2.81 -2.22 3.9 4.51 7.52 1.8 3.04 5.64 8.43 2.77 0.64 3.47 -6.99 4.57 -0.88 0.86 1.16 4.39 -3.94 5.83 8.11 7.9 
1.69 -7.49 4.44 0.37 5.74 -3.86 3.99 4.43 4.69 4.46 9.78 1.29 7.67 7.29 5.98 8.75 8.21 -9.41 4.45 7.11 7.16 -4.33 4.1 5.54 7.42 6.98 7.97 -9.95 -6.6 9.22 1.85 1.56 1.7 8.47 1.02 2.76 3.09 -0.05 8.26 9.61 -3.8 2.61 
7.29 2.89 -2.87 1.23 8.77 7.33 9.03 9.42 6.84 -0.23 8.64 5.06 -9.44 4.65 2.0 3.59 4.57 3.83 3.12 1.81 4.73 8.24 2.23 0.43 6.13 1.13 -2.36 2.51 4.77 7.74 5.66 4.92 8.2 2.07 3.39 -1.9 7.63 5.63 -3.89 7.93 1.87 
9.06 3.04 -0.89 4.21 -4.71 -8.35 -0.76 -3.54 2.21 1.26 8.44 7.07 -3.96 2.08 7.3 2.88 -3.34 4.55 4.39 5.2 4.14 6.81 -9.02 -5.01 3.84 5.99 9.56 3.56 -2.07 9.88 8.9 1.68 7.15 5.79 6.22 -9.0 4.01 6.6 1.85 8.88 
-1.33 -3.67 2.54 9.53 0.67 2.72 0.34 8.49 6.24 3.34 7.43 3.84 0.1 10.0 1.58 9.79 8.09 4.47 2.19 5.35 5.48 8.02 -5.24 0.1 5.45 9.39 -4.18 2.61 0.72 4.54 2.9 5.07 -8.01 -4.29 -7.22 7.03 -2.8 9.99 6.58 
6.4 6.34 -6.39 8.33 9.88 8.94 0.72 -4.87 6.99 0.84 7.86 6.3 3.25 1.78 -1.54 3.37 8.88 2.87 1.66 4.3 6.5 7.36 5.0 -2.31 7.36 -6.6 7.66 -6.26 7.01 2.75 9.96 0.41 -3.85 -3.11 -1.74 2.11 0.9 9.96 
0.38 6.12 -4.95 5.76 2.93 3.71 2.55 7.87 5.63 0.16 7.74 0.71 4.04 2.08 5.24 6.82 0.4 7.08 0.08 -0.93 2.32 5.49 5.61 2.0 2.48 0.97 -4.83 3.85 9.85 6.93 8.49 5.91 6.83 6.77 5.44 1.18 -8.51 
8.73 -1.9 6.31 -8.39 0.9 3.65 -0.52 8.58 -5.11 -6.2 6.27 5.84 1.08 7.98 3.49 5.35 9.31 -0.18 4.0 -9.02 6.22 8.54 -2.77 1.41 1.85 -2.87 1.85 -6.44 7.85 -3.3 4.19 5.21 6.37 3.06 4.34 -3.1 
3.52 -6.85 1.27 3.28 9.76 -9.77 7.46 -1.86 -4.54 -3.42 8.66 9.09 7.95 3.23 3.93 2.25 -3.74 0.15 0.03 4.31 2.4 3.92 4.06 5.47 8.3 3.77 4.19 2.28 6.55 3.16 4.62 1.95 4.73 -1.97 1.62 
1.32 9.43 2.23 3.27 8.7 1.79 -6.11 -6.33 2.67 -6.05 7.26 0.13 9.09 7.18 8.74 7.55 6.03 5.21 -8.8 2.89 7.75 0.27 0.54 9.45 0.21 -6.99 5.7 6.54 1.39 7.44 -0.79 4.42 -8.83 -4.36 
-8.56 8.34 7.04 7.9 -7.08 7.19 -1.95 7.53 1.47 9.88 7.09 5.12 2.89 1.16 6.52 5.92 0.51 -1.49 4.15 5.5 3.92 0.68 -7.23 4.58 1.45 -6.82 3.32 2.42 8.87 1.75 8.7 2.72 3.38 
-0.9 -4.27 1.63 0.71 3.72 1.77 3.38 0.15 5.48 5.58 -9.89 5.91 0.55 9.19 7.83 0.17 9.03 6.44 -0.86 7.32 1.21 -3.87 7.96 5.23 2.51 0.79 8.8 -6.89 9.65 1.89 -7.42 0.68 
9.71 2.11 4.3 0.1 7.56 3.49 -6.46 9.89 7.03 1.94 8.61 8.01 9.7 0.57 0.97 8.26 0.42 7.02 0.3 8.19 5.43 1.8 -6.28 8.92 8.65 -7.07 9.63 6.11 8.55 6.05 7.26 
3.11 2.75 2.46 1.81 8.35 9.53 9.99 2.81 -9.14 2.83 6.43 6.53 5.73 4.48 2.23 -3.51 9.59 1.85 4.25 8.45 5.47 3.02 2.42 -8.79 1.83 -0.52 7.22 4.49 6.05 7.72 
5.58 5.58 2.31 1.57 7.57 4.73 9.8 9.67 2.72 7.82 9.55 8.47 -2.83 4.63 -4.14 0.02 2.79 9.36 1.71 2.18 -4.48 8.79 6.2 6.77 4.73 6.4 2.69 0.64 0.02 
1.26 2.87 4.61 7.69 3.84 2.83 -0.81 0.88 -3.38 4.97 -7.63 0.12 5.43 5.93 2.01 8.94 8.24 -8.14 3.32 3.88 5.02 8.37 4.2 0.58 1.28 9.53 1.14 1.04 
7.26 3.33 3.2 5.25 -6.3 -4.11 0.6 9.58 5.04 -0.6 7.22 0.91 4.03 5.5 6.7 6.65 7.91 8.79 0.89 9.28 3.78 2.49 1.53 7.85 8.14 2.74 -0.33 
3.72 6.54 9.34 -0.61 3.06 1.94 9.78 -8.07 8.8 0.81 -3.18 0.86 3.73 -5.86 7.56 9.05 -1.85 5.27 2.05 -9.83 -2.4 9.12 6.1 3.13 3.4 1.43 
6.42 4.66 3.21 4.43 -5.48 4.88 -5.86 -4.65 8.11 5.68 4.19 3.0 1.15 8.89 5.75 4.59 -0.14 -1.57 2.26 2.32 3.4 5.72 8.95 -7.03 2.7 
-9.8 4.88 9.71 3.21 -2.3 -4.54 -8.13 1.6 0.76 4.2 -2.87 0.2 -2.88 5.36 -2.72 5.76 9.31 -0.12 5.05 7.55 6.71 7.1 -3.63 6.62 
7.32 -4.47 3.84 8.09 0.74 6.83 0.92 4.21 4.16 -2.27 8.75 3.52 0.31 2.39 2.5 -6.96 0.86 -4.02 5.9 -6.68 -0.52 -6.96 6.37 
6.95 3.21 8.91 1.09 -3.62 1.73 5.48 3.7 -0.97 9.5 3.63 7.99 1.44 0.14 -3.8 7.08 4.03 -1.39 5.92 -8.52 1.07 3.22 
0.78 3.76 3.23 -3.85 3.99 7.99 9.83 2.52 0.44 3.22 9.9 2.5 2.89 4.77 0.4 2.65 4.14 8.08 0.18 2.85 2.81 
-4.22 9.77 -9.27 0.03 7.06 -5.99 -4.22 -3.18 9.02 3.24 3.12 9.09 -7.54 4.04 6.34 2.93 3.07 -1.68 4.71 1.81 
3.0 7.12 3.97 -9.11 -2.03 -6.54 4.66 9.78 -4.88 3.64 9.94 9.19 8.82 1.26 3.09 5.43 3.37 5.33 5.04 
6.19 3.47 5.03 -1.09 -6.88 1.18 -4.79 6.03 1.57 9.53 5.25 -9.04 0.09 6.21 8.75 -3.62 -9.58 7.33 
0.72 9.02 2.58 4.06 8.41 6.14 2.78 -4.65 7.03 5.53 -3.21 9.8 4.42 5.29 7.55 7.26 -4.56 
1.69 2.89 8.88 -6.64 3.69 0.66 9.2 4.76 0.01 1.62 5.61 6.42 2.17 2.18 5.8 8.87 
5.8 -8.55 2.06 9.6 9.81 2.46 6.11 9.33 4.01 -5.6 6.36 9.17 7.95 -7.65 4.08 
0.6 -8.04 0.65 -1.21 5.95 0.66 6.73 1.73 1.77 -6.64 2.53 0.01 2.29 8.64 
2.02 -2.85 5.24 -0.15 6.52 0.54 -9.18 2.93 1.76 7.34 3.31 0.75 4.22 
0.75 -8.78 7.12 -5.03 0.76 1.6 7.4 6.16 7.65 6.5 8.48 8.35 
9.6 4.22 1.92 6.04 8.51 2.7 -1.37 9.39 5.92 9.57 5.7 
7.48 8.82 8.07 0.58 8.04 1.28 -3.47 1.88 2.26 1.2 
-5.0 6.81 -0.4 -5.46 4.16 0.74 3.14 1.62 -7.05 
3.35 -1.13 -9.62 2.19 -7.45 5.76 -3.19 9.34 
6.44 -7.65 8.17 1.46 4.48 8.28 1.6 
-4.99 9.95 -8.87 3.32 -3.74 6.12 
9.03 8.97 2.81 8.51 7.22 
3.73 0.08 5.6 0.01 
2.05 6.06 -2.23 
9.68 8.21 
7.74 
