25
3 20 16 4 20 17 13 9 11 19 19 4 9 15 24 6 25 10 10 19 10 21 13 13 7 
17 3 12 
1 3 5 6 8 10 11 12 13 14 15 16 18 19 20 21 22 23 24 25 
1 3 5 6 7 9 11 13 14 15 16 20 21 22 23 24 
25 3 5 7 
1 2 3 4 5 8 10 11 12 14 15 16 17 18 19 21 22 23 24 25 
4 6 7 8 9 11 12 15 16 17 18 19 20 22 23 24 25 
2 3 4 5 9 12 13 14 18 19 21 23 25 
2 4 9 11 13 15 16 23 24 
2 3 4 6 7 9 14 15 19 22 25 
1 2 3 4 5 6 9 10 12 13 15 16 18 19 20 21 22 24 25 
1 2 4 6 9 10 11 12 13 14 15 16 17 18 19 21 23 24 25 
16 25 5 23 
2 3 5 7 9 11 15 17 21 
1 2 4 5 7 8 10 11 12 14 18 20 21 24 25 
1 2 3 4 5 6 7 8 9 11 12 13 14 15 16 17 18 19 20 21 22 23 24 25 
2 3 13 20 23 25 
1 2 3 4 5 6 7 8 9 10 11 12 13 14 15 16 17 18 19 20 21 22 23 24 25 
2 7 8 9 10 12 20 21 23 25 
5 9 12 15 16 17 20 21 24 25 
1 2 3 7 8 9 11 12 13 14 15 16 17 18 19 20 22 23 24 
1 3 15 18 19 20 22 23 24 25 
1 2 3 4 5 7 9 10 11 12 13 14 15 16 17 18 19 20 21 22 23 
2 3 5 6 7 10 11 12 15 17 19 20 22 
1 3 4 5 6 7 8 10 20 21 23 24 25 
1 2 5 8 16 24 25 
7.61 4.58 -5.31 -5.46 6.37 8.09 4.64 2.14 -8.81 1.25 7.74 5.36 7.86 3.27 3.52 3.68 1.56 6.61 -1.85 2.58 3.05 9.37 6.05 1.96 9.59 
0.67 1.21 2.25 8.78 1.04 -4.21 5.84 -3.53 -9.58 -8.15 6.38 -3.44 -1.94 6.75 3.36 5.97 -1.27 7.42 0.57 1.93 7.63 6.53 -9.4 8.88 
5.46 -6.1 -8.19 2.02 -5.93 4.35 10.0 7.35 -9.93 1.17 7.82 9.55 -3.35 -0.9 -6.59 -9.91 1.56 6.15 1.74 1.79 1.62 -0.62 0.96 
4.32 8.92 2.12 2.03 7.23 0.02 1.69 2.76 1.34 3.54 8.55 5.77 -6.18 -2.34 4.16 9.64 0.33 2.86 -8.39 4.97 6.0 8.67 
2.67 9.3 7.4 -9.4 2.73 5.3 -0.74 3.88 -7.69 -8.42 3.71 1.46 4.84 7.42 -1.05 -8.84 3.5 0.65 6.61 4.15 6.55 
1.62 8.4 9.02 -0.14 1.02 2.32 4.3 5.16 9.82 1.66 1.53 5.49 0.69 -5.88 7.23 1.36 5.82 -4.25 8.22 -7.72 
0.22 0.99 -0.39 -2.15 9.24 3.41 2.87 9.39 1.01 6.02 7.21 3.79 -3.28 3.8 7.21 5.94 -6.87 6.89 3.04 
1.16 1.85 0.44 8.92 -0.93 9.7 8.65 -2.51 5.32 -2.29 2.69 2.85 9.84 -1.85 0.66 0.77 8.36 1.59 
2.28 1.13 3.53 5.32 6.7 7.01 7.99 7.22 0.09 -5.57 -6.07 3.07 6.71 9.0 7.52 -5.16 4.82 
1.15 5.66 1.02 9.3 6.92 5.33 0.05 1.43 2.01 4.8 -1.67 -7.31 5.38 -4.1 -1.48 9.01 
1.53 9.67 5.55 0.01 -6.01 2.74 2.37 -8.99 4.98 2.52 2.1 1.26 7.16 9.68 1.04 
0.39 -1.29 0.21 8.03 0.25 -5.46 4.15 -2.35 1.72 1.03 6.75 7.48 8.5 7.4 
9.97 10.0 -9.59 -7.28 -7.57 1.68 6.86 0.66 2.04 3.6 2.5 -0.67 -4.37 
6.02 -6.24 9.71 8.35 9.19 4.83 5.4 9.62 -1.78 4.68 -1.44 7.47 
-8.02 7.53 0.29 0.87 4.17 2.57 0.91 5.71 6.73 2.38 -7.8 
-1.87 -5.75 2.77 5.16 10.0 9.05 -5.05 7.95 -7.15 -2.8 
1.23 3.1 7.96 8.24 5.84 4.77 6.6 -4.14 5.4 
3.08 6.51 2.6 -2.42 -3.93 9.86 2.11 5.87 
-3.24 -9.03 -0.93 8.43 5.89 6.97 2.88 
1.34 2.74 0.36 8.81 4.65 2.72 
5.46 9.09 5.95 1.72 0.7 
3.17 -4.87 2.89 -2.49 
1.86 -5.84 -3.24 
6.36 -9.37 
3.82 
