25
16 25 9 20 24 15 17 17 23 10 4 17 7 18 21 23 15 22 20 6 7 11 10 9 19 
2 4 5 6 7 8 9 11 12 13 14 15 17 21 24 25 
1 2 3 4 5 6 7 8 9 10 11 12 13 14 15 16 17 18 19 20 21 22 23 24 25 
2 4 5 9 10 12 13 15 18 
1 2 3 4 5 7 8 10 11 12 13 14 15 16 18 19 20 22 23 25 
1 3 4 5 6 7 8 9 10 11 12 13 14 15 16 17 18 19 20 21 22 23 24 25 
1 6 8 9 10 11 12 13 14 15 16 17 20 22 24 
1 2 3 5 6 8 10 11 12 15 17 18 19 21 22 24 25 
1 4 5 6 7 8 9 11 12 13 14 15 16 18 20 24 25 
1 2 3 4 5 6 7 8 9 10 11 12 13 14 15 17 18 19 20 22 23 24 25 
1 2 3 4 10 14 19 21 24 25 
8 16 3 21 
1 3 4 5 7 8 10 12 14 16 17 18 20 21 22 23 24 
7 8 13 15 16 18 23 
1 2 3 5 6 7 8 9 10 11 14 15 17 19 21 22 23 24 
1 2 3 5 6 7 8 9 10 11 12 13 16 17 19 20 21 22 23 24 25 
1 2 3 4 5 6 7 8 9 11 12 13 14 15 16 17 18 19 20 21 22 24 25 
2 3 4 5 6 9 12 13 16 17 18 20 21 23 25 
1 2 3 4 5 6 7 9 10 11 13 14 15 16 17 18 19 20 21 22 24 25 
1 2 3 4 5 6 8 9 10 11 12 13 14 15 17 18 19 20 23 25 
3 4 6 9 11 24 
2 4 11 14 17 21 22 
1 5 8 10 11 13 21 22 23 24 25 
1 3 5 10 11 13 14 18 22 24 
1 2 6 9 11 14 20 21 25 
1 2 3 4 6 7 8 9 11 12 13 14 15 16 18 19 20 21 24 
5.46 8.98 9.79 7.72 5.63 -5.35 -9.2 -3.36 0.84 1.1 8.18 2.62 3.85 7.33 -1.76 7.91 3.2 3.69 7.13 8.18 5.79 6.2 -1.63 -5.75 3.94 
8.54 2.1 4.95 2.23 5.14 -2.47 2.18 7.6 9.15 2.9 5.97 5.43 -1.01 5.12 5.51 7.46 0.41 3.6 5.48 8.69 -4.5 -2.78 3.32 3.64 
2.96 -0.98 0.3 3.81 1.88 -0.56 2.17 5.79 8.21 3.16 3.63 1.79 0.91 1.47 5.61 5.97 -9.32 1.37 3.75 1.62 -6.03 -8.7 -5.49 
5.55 8.18 3.59 3.98 1.89 7.97 0.66 1.16 5.51 3.0 5.92 5.74 -4.4 4.49 4.91 8.21 9.72 6.13 0.72 -5.02 0.07 4.2 
-0.54 0.7 6.46 8.93 4.59 5.76 3.21 -2.31 1.88 0.33 5.77 3.99 3.11 -4.99 1.06 5.02 0.68 8.11 7.48 6.5 3.16 
6.75 2.42 8.26 8.79 4.51 6.86 -2.09 2.77 6.81 -9.1 -8.12 -0.84 0.1 -0.07 0.07 8.96 4.79 3.24 -5.18 4.78 
6.84 0.71 0.36 5.75 5.36 1.63 -4.24 -2.67 6.41 0.87 0.4 9.48 8.22 9.14 1.63 9.15 2.81 5.7 9.78 
-9.32 3.24 -7.88 1.73 0.3 8.32 5.41 3.63 8.81 5.18 1.28 2.57 -7.67 -5.25 3.69 -3.86 -8.41 -4.39 
4.14 5.81 0.5 -3.38 9.55 9.41 9.04 6.5 4.05 0.85 2.38 -5.29 1.87 6.95 2.25 4.35 7.8 
3.46 9.28 7.45 0.42 9.1 1.2 -6.52 8.76 9.75 -4.46 0.2 3.95 4.42 5.79 2.93 6.33 
7.28 -8.92 7.94 6.7 1.14 -3.02 5.81 -5.85 -8.7 5.97 9.29 5.37 7.55 6.24 1.22 
1.63 4.16 -2.99 0.03 7.68 2.27 2.78 9.46 8.78 9.45 6.52 8.04 4.18 4.03 
0.43 8.18 5.47 8.73 3.2 -2.62 4.77 -4.4 4.3 6.46 4.88 8.55 4.84 
5.76 5.85 -5.83 7.29 -1.6 -6.07 8.17 1.39 8.6 1.97 -7.33 7.21 
-8.58 6.06 -8.57 6.97 -0.29 7.34 9.02 1.97 2.57 8.74 -9.1 
5.52 4.78 3.93 5.73 2.04 2.69 5.78 8.55 2.7 3.52 
4.59 6.94 5.97 5.34 2.15 4.55 1.63 -2.52 2.6 
9.12 7.95 5.24 -2.07 -0.55 9.09 5.17 4.9 
-7.06 9.48 -5.02 0.1 -5.1 9.78 2.31 
4.24 -2.98 8.86 -2.38 9.32 7.13 
0.64 -1.18 -2.93 7.05 5.25 
3.38 -0.7 7.13 6.19 
8.52 0.37 5.84 
2.54 0.02 
5.73 
